Points "B_1 spline" "B_1 Derivative" "B_2 spline"
0.006 0.0029790871710593 0.503026045292362 0.0058472639476044
0.012 0.0060370598049528 0.516361105891398 0.0117000050872737
0.018 0.00917618361244838 0.53007774400946 0.0175581082576552
0.024 0.0123987713424395 0.544183677090631 0.023421452910474
0.03 0.0157071812011724 0.558686330174046 0.029289912950403
0.036 0.0191038149123908 0.57359277307051 0.0351633565724603
0.042 0.0225911153818564 0.588909651241288 0.0410416460970811
0.048 0.0261715639271968 0.604643109958298 0.0469246378030336
0.054 0.0298476770314996 0.620798711321481 0.0528121817583711
0.06 0.0336220025765233 0.637381343710691 0.0587041216496313
0.066 0.0374971155088833 0.654395123257088 0.0646002946095247
0.072 0.0414756128901188 0.671843286934018 0.0705005310433739
0.078 0.0455601082792163 0.689728076891042 0.0764046544545995
0.084 0.0497532253939993 0.708050615688668 0.0823124812695734
0.09 0.0540575909958738 0.726810772137161 0.0882238206621944
0.096 0.058475826940809 0.746007017502271 0.0941384743785734
0.102 0.063010541338226 0.765636271916001 0.100056236562251
0.108 0.067664318758769 0.785693740923449 0.105976893580408
0.114 0.0724397094318428 0.806172742209816 0.111900223851559
0.12 0.0773392173744642 0.827064522686904 0.117825997675286
0.126 0.0823652873945154 0.848358066278285 0.12375397706457
0.132 0.0875202909140663 0.870039892929043 0.129683915581364
0.138 0.0928065105622263 0.892093849581685 0.135615558176072
0.144 0.0982261234921519 0.914500894106595 0.141548641031651
0.15 0.103781183383598 0.937238873454732 0.147482891413106
0.156 0.109473601100915 0.960282297613494 0.153418027523206
0.162 0.115305123986928 0.983602111294272 0.159353758365271
0.168 0.121277313785803 1.00716546566205 0.165289783613983
0.174 0.127391523203127 1.03093549283212 0.171225793495168
0.18 0.133648871129074 1.05487108630412 0.177161468675618
0.186 0.140050216570979 1.07892669097554 0.183096480164008
0.192 0.14659613136493 1.10305210686881 0.189030489224079
0.198 0.153286871762349 1.12719231121202 0.19496314730128
0.204 0.160122349016851 1.15128730402118 0.200894095964111
0.21 0.167102099129102 1.17527198283103 0.206822966861506
0.216 0.174225251942696 1.19907605269511 0.212749381697587
0.222 0.181490499822122 1.22262397800687 0.218672952225227
0.228 0.188896066184338 1.24583498306057 0.224593280259864
0.234 0.196439674197869 1.26862310855058 0.230509957715081
0.24 0.204118516007116 1.29089733137327 0.236422566661497
0.246 0.211929222883862 1.31256175511971 0.24233067941055
0.252 0.219867836751986 1.3335158784994 0.248233858624767
0.258 0.227929783573853 1.35365494858556 0.254131657456188
0.264 0.236109849126606 1.37287040519084 0.260023619714556
0.27 0.244402157732019 1.39105042184193 0.265909280066961
0.276 0.252800154533194 1.40808054769789 0.271788164270572
0.282 0.261296591933297 1.42384445333221 0.277659789440111
0.288 0.269883520824027 1.43822478156281 0.283523664351677
0.294 0.278552287232604 1.45110410246556 0.289379289784505
0.3 0.287293535003994 1.46236596935904 0.295226158902188
0.306 0.29609721510806 1.47189606992563 0.301063757674812
0.312 0.304952602117873 1.47958346377895 0.306891565343387
0.318 0.313848318344237 1.48532189475884 0.312709054927848
0.324 0.322772366031856 1.48901116310892 0.318515693779774
0.33 0.331712167924032 1.49055853956223 0.324310944180833
0.336 0.340654616385838 1.48988020033387 0.330094263987818
0.342 0.349586131141114 1.48690265922178 0.335865107324912
0.348 0.358492725528329 1.48156417057521 0.341622925323667
0.354 0.367360081016776 1.47381607493932 0.347367166910911
0.36 0.376173629551085 1.46362405785729 0.353097279644552
0.366 0.384918643112779 1.45096929172773 0.358812710596986
0.372 0.393580329707336 1.43584943087958 0.364512907285488
0.378 0.402143934809292 1.41827943121739 0.370197318648658
0.384 0.410594847132009 1.39829216795334 0.375865396067634
0.39 0.41891870743881 1.37593882808348 0.381516594430408
0.396 0.427101518983895 1.35128905835023 0.387150373237203
0.402 0.435129758070345 1.32443085437672 0.392766197744425
0.408 0.442990483143338 1.29547018233452 0.398363540144311
0.414 0.450671440803335 1.264530330744 0.403941880776912
0.42 0.45816116712928 1.23175099660032 0.409500709370606
0.426 0.465449082747128 1.19728711673292 0.415039526306878
0.432 0.472525580164369 1.1613074618947 0.4205578439046
0.438 0.479382102015073 1.12399301728241 0.426055187718612
0.444 0.486011209019287 1.08553517877101 0.431531097846897
0.45 0.492406636650987 1.04613379887966 0.436985130240198
0.456 0.498563339724592 1.0059951201912 0.442416858007498
0.462 0.504477524344553 0.965329636480766 0.447825872710314
0.468 0.510146666908553 0.924349923085609 0.453211785638402
0.474 0.515569520104663 0.883268478038671 0.458574229059097
0.48 0.520746106088735 0.842295614220072 0.463912857432152
0.486 0.525677697263066 0.801637440337492 0.469227348581727
0.492 0.530366785294266 0.761493965059321 0.474517404816891
0.498 0.534817039201487 0.722057354265207 0.479782753991882
0.504 0.539033253511197 0.683510366347278 0.485023150497265
0.51 0.543021287607939 0.646024985009721 0.490238376173078
0.516 0.546787997510155 0.609761263296825 0.495428241135149
0.522 0.550341161365268 0.574866386846693 0.500592584505879
0.528 0.553689399989419 0.541473958819282 0.505731275041011
0.534 0.556842093776173 0.509703503758266 0.510844211644231
0.54 0.55980929726771 0.479660182961229 0.515931323761844
0.546 0.562601652624925 0.451434709861369 0.520992571650261
0.552 0.565230303153397 0.425103450540261 0.526027946509634
0.558 0.567706807944518 0.400728691834651 0.531037470477656
0.564 0.570043058579771 0.378359057576182 0.536021196478307
0.57 0.572251198725342 0.358030052289395 0.540979207921189
0.576 0.574343547318288 0.339764711123687 0.545911618248016
0.582 0.576332525917948 0.323574334843792 0.550818570323841
0.588 0.578230590670751 0.309459289273297 0.555700235671653
0.594 0.580050169215729 0.297409849590156 0.560556813550114
0.6 0.581803602744352 0.287407071223949 0.565388529875341
0.606 0.583503093323512 0.279423670713427 0.570195635988869
0.612 0.585160656495933 0.273424901667802 0.574978407275079
0.618 0.586788079088739 0.269369412858246 0.57973714163267
0.624 0.588396882088847 0.267210077383822 0.584472157805856
0.63 0.589998288383206 0.26689478374567 0.589183793582254
0.636 0.591603195112406 0.268367181487406 0.593872403865464
0.642 0.593222150347344 0.271567375772165 0.598538358631517
0.648 0.59486533376965 0.276432566840867 0.603182040779328
0.654 0.596542541016657 0.282897631738123 0.607803843886255
0.66 0.59826317133981 0.290895646943934 0.612404169880724
0.666 0.60003621822073 0.300358351662108 0.616983426644607
0.672 0.601870262590477 0.311216552453272 0.621542025558703
0.678 0.603773468304158 0.323400470686732 0.626080379005161
0.684 0.605753579533859 0.336840034925313 0.630598897841131
0.69 0.607817919757123 0.351465120865539 0.635097988858117
0.696 0.609973392035184 0.367205741844026 0.639578052241729
0.702 0.612226480294126 0.383992193205708 0.644039479046474
0.708 0.614583251342524 0.401755154024324 0.648482648700102
0.714 0.617049357380469 0.420425749785355 0.652907926551815
0.72 0.619630038776744 0.439935579700083 0.657315661478203
0.726 0.622330126912976 0.460216712329124 0.661706183560335
0.732 0.625154046915605 0.48120165316603 0.666079801844795
0.738 0.628105820118227 0.502823287777747 0.670436802200764
0.744 0.631189066118297 0.525014804026767 0.674777445284464
0.75 0.634407004313035 0.547709596818143 0.679101964621419
0.756 0.637762454819797 0.570841158729666 0.683410564816024
0.762 0.6412578387061 0.594342959800239 0.687703419896992
0.768 0.644895177473847 0.618148319674304 0.691980671806146
0.774 0.648676091761342 0.642190275231734 0.696242429037068
0.78 0.652601799245223 0.666401446774798 0.700488765428956
0.786 0.656673111742757 0.690713905797444 0.704719719120046
0.792 0.660890431532995 0.715059047327173 0.708935291663872
0.798 0.6652537469331 0.739367469804948 0.713135447310597
0.804 0.669762627183952 0.763568865452279 0.717320112454643
0.81 0.674416216716761 0.787591924063943 0.721489175248893
0.816 0.679213228890047 0.811364253156287 0.725642485384797
0.822 0.68415193930387 0.834812317390673 0.729779854036858
0.828 0.689230178815695 0.857861400174317 0.733901053969162
0.834 0.694445326399583 0.880435590311173 0.738005819800864
0.84 0.699794302007514 0.902457796527572 0.742093848426861
0.846 0.705273559608392 0.923849792624634 0.746164799589283
0.852 0.710879080596498 0.944532295904966 0.750218296594861
0.858 0.716606367776624 0.964425081378272 0.754253927172777
0.864 0.722450440147626 0.983447134061516 0.758271244467188
0.87 0.72840582871932 1.00151684144796 0.762269768158255
0.876 0.734466573609212 1.01855222791846 0.766248985705242
0.882 0.740626222675143 1.03447123250276 0.770208353705019
0.888 0.746877831947111 1.04919203096218 0.774147299359139
0.894 0.753213968125831 1.06263340265548 0.778065222042522
0.9 0.759626713416708 1.07471514206352 0.78196149496674
0.906 0.766107672965124 1.08535851418652 0.785835466930817
0.912 0.772647985152135 1.09448675229174 0.789686464152514
0.918 0.779238334998085 1.10202559568407 0.793513792173049
0.924 0.78586897090516 1.10790386430607 0.797316737828296
0.93 0.792529724947992 1.11205406605674 0.801094571279589
0.936 0.799210036893908 1.1144130317662 0.804846548097295
0.942 0.805898982101158 1.11492257179279 0.808571911390505
0.948 0.812585303404337 1.11353014724068 0.812269893976246
0.954 0.819257447051333 1.1101895478586 0.815939720581733
0.96 0.825903602705874 1.10486156779415 0.819580610073332
0.966 0.832511747474271 1.09751466957362 0.823191777705973
0.972 0.839069693855088 1.08812562600086 0.826772437386867
0.978 0.845565141446954 1.07668012911981 0.830321803947496
0.984 0.851985732183352 1.06317335502941 0.833839095417887
0.99 0.85831910879545 1.04761047318142 0.837323535297305
0.996 0.864552976135862 1.03000708886858 0.8407743548155
1.002 0.870675164929391 1.01038960794034 0.84419079517876
1.008 0.876673697452634 0.988795513379932 0.847572109794985
1.014 0.882536854584646 0.965273544251797 0.850917566472082
1.02 0.888253243617215 0.939883768678145 0.854226449583943
1.026 0.893811866167379 0.912697543921148 0.857498062198302
1.032 0.899202185498155 0.883797358311742 0.860731728160753
1.038 0.904414192527443 0.853276551650734 0.863926794129181
1.044 0.909438469790941 0.821238912772831 0.867082631552868
1.05 0.914266252623586 0.787798155163314 0.870198638590483
1.056 0.918889486836211 0.753077273796541 0.873274241961194
1.062 0.923300882189988 0.717207788664251 0.876308898723064
1.068 0.927493961010873 0.680328882717413 0.87930209797295
1.074 0.931463101339111 0.642586444092049 0.88225336246208
1.08 0.935203574074092 0.604132024464546 0.885162250121508
1.086 0.938711573651318 0.565121727124339 0.888028355491715
1.092 0.941984241874244 0.525715039808992 0.890851311050612
1.098 0.945019684617623 0.486073628472817 0.893630788434332
1.104 0.947816981218476 0.446360108921342 0.896366499545285
1.11 0.95037618647368 0.406736813616999 0.89905819754205
1.116 0.952698325267192 0.367364570937572 0.901705677705885
1.122 0.954785379952501 0.328401513751117 0.904308778178793
1.128 0.956640270714902 0.290001933376626 0.906867380568339
1.134 0.958266829231358 0.252315193857022 0.909381410414676
1.14 0.959669766031019 0.215484720020237 0.911850837515526
1.146 0.960854632035348 0.179647071093306 0.914275676105254
1.152 0.961827774821736 0.144931109719367 0.91665598488453
1.158 0.962596290207408 0.111457274167698 0.918991866897526
1.164 0.963167969790852 0.0793369593840998 0.921283469254047
1.17 0.963551245115304 0.0486720103643448 0.923530982694563
1.176 0.963755129133348 0.0195543292052101 0.925734640996598
1.182 0.963789155653644 -0.0079344048504062 0.927894720221581
1.188 0.963663317440891 -0.0337229049586725 0.930011537801867
1.194 0.963388003619378 -0.0577503401184849 0.932085451468306
1.2 0.962973936999959 -0.0799662983378493 0.934116858019444
1.206 0.962432111911376 -0.10033065663287 0.936106191934131
1.212 0.96177373307092 -0.118813366011409 0.938053923830082
1.218 0.961010155978047 -0.135394160386678 0.939960558771682
1.224 0.96015282925907 -0.150062198913339 0.941826634431099
1.23 0.959213239333125 -0.162815651550211 0.94365271910754
1.236 0.958202857710312 -0.173661237743097 0.945439409610278
1.242 0.957133091173875 -0.182613728011006 0.947187329011834
1.248 0.956015235040323 -0.18969541793043 0.948897124278474
1.254 0.954860429635677 -0.194935583570583 0.950569463785912
1.26 0.953679620073385 -0.198369926869304 0.952205034728845
1.266 0.952483519370419 -0.2000400187693 0.953804540433609
1.272 0.951282574893365 -0.199992747201293 0.955368697583937
1.278 0.950086938086131 -0.198279776214044 0.956898233370367
1.284 0.948906437395514 -0.194957021732186 0.958393882574443
1.29 0.94775055428047 -0.190084148613352 0.95985638459934
1.296 0.94662840216528 -0.183724092863105 0.961286480458987
1.302 0.945548708176088 -0.175942612084413 0.962684909738181
1.308 0.944519797484009 -0.166807866497024 0.964052407536452
1.314 0.94354958006617 -0.156390032161493 0.96538970140872
1.32 0.942645539688143 -0.144760947399529 0.966697508315939
1.326 0.941814724907147 -0.131993792813581 0.967976531599033
1.332 0.941063741894497 -0.118162804781019 0.96922745798942
1.338 0.940398748878064 -0.10334302182939 0.970450954669384
1.344 0.939825452010236 -0.0876100628896683 0.971647666395397
1.35 0.939349102474053 -0.071039936070898 0.97281821269729
1.356 0.938974494649187 -0.0537088763002034 0.973963185165849
1.362 0.938705965170212 -0.0356932099213552 0.97508314484108
1.368 0.938547392721632 -0.0170692441405702 0.976178619712916
1.374 0.938502198427354 0.00208682095601986 0.977250102345644
1.38 0.938573346706307 0.0216989602159998 0.97829804763674
1.386 0.938763346480681 0.0416913735636517 0.979322870720215
1.392 0.939074252638401 0.0619885210376596 0.9803249450238
1.398 0.939507667667028 0.0825151453319402 0.981304600488662
1.404 0.940064743391984 0.103196284469937 0.982262121959496
1.41 0.940746182767821 0.123957277246753 0.983197747752033
1.416 0.941552241686997 0.144723764061619 0.984111668404185
1.422 0.942482730786321 0.165421685737596 0.985004025616137
1.428 0.943537017246692 0.185977282887079 0.985874911383844
1.434 0.944714026596943 0.206317098331455 0.986724367329452
1.44 0.946012244547513 0.226367985021314 0.987552384231281
1.446 0.947429718894076 0.246057121829743 0.9883589017551
1.452 0.948964061545305 0.265312039504367 0.989143808387503
1.458 0.950612450742302 0.284060658963116 0.989906941571325
1.464 0.952371633550039 0.302231344002443 0.990648088042161
1.47 0.954237928713169 0.319752970352748 0.991366984364206
1.476 0.95620722997969 0.336555012862864 0.992063317662785
1.482 0.958275010006188 0.352567652420056 0.992736726550195
1.488 0.960436324967356 0.367721904013355 0.993386802240662
1.494 0.962685820000361 0.381949767122594 0.994013089849561
1.5 0.965017735620902 0.395184399362302 0.994615089871287
1.506 0.967425915252586 0.407360314026347 0.995192259829593
1.512 0.969903814014193 0.418413601864854 0.995744016093554
1.518 0.972444508910348 0.42828217707898 0.996269735851802
1.524 0.975040710569937 0.436906047141541 0.99676875923712
1.53 0.977684776673034 0.444227605643352 0.997240391593068
1.536 0.980368727201001 0.450191946928399 0.997683905873826
1.542 0.983084261635635 0.454747200819483 0.99809854516813
1.548 0.985822778221616 0.457844885252698 0.998483525337763
1.554 0.98857539539192 0.45944027414177 0.998838037760847
1.56 0.991332975438255 0.459492777287934 0.999161252169845
1.566 0.994086150488023 0.457966328646009 0.999452319574051
1.572 0.996825350825581 0.454829778764577 0.999710375256093
1.578 0.999540835569169 0.450057286743913 0.999934541831874
1.584 1.00222272568549 0.443628706622036 1.00012393236327
1.59 1.00486103929228 0.435529962707179 1.00027765351281
1.596 1.00744572916529 0.425753408041665 1.00039480872949
1.602 1.00996672233026 0.414298159941211 1.00047450145502
1.608 1.01241396158388 0.401170406374064 1.00051583833943
1.614 1.01477744874981 0.386383676893033 1.0005179324556
1.62 1.01704728943828 0.369959071876472 1.00047990650169
1.626 1.01921373904082 0.3519254440127 1.00040089598099
1.632 1.02126724965619 0.332319526263035 1.00028005234862
1.638 1.02319851761004 0.31118600098014 1.00011654611472
1.644 1.02499853120068 0.288577505434361 0.999909569893799
1.65 1.02665861827699 0.26455456970975 0.999658341390191
1.656 1.02817049323259 0.239185483770692 0.999362106309765
1.662 1.02952630298399 0.212546091453593 0.999020141188099
1.668 1.0307186714903 0.184719510195087 0.998631756125718
1.674 1.03174074236803 0.155795776447231 0.99819629742113
1.68 1.03258621915807 0.125871417929852 0.9977131500927
1.686 1.03324940281227 0.0950489551039757 0.997181740280686
1.692 1.03372522598536 0.0634363354895697 0.996601537521035
1.698 1.03400928374302 0.0311463056666055 0.995972056882895
1.704 1.03409786032985 -0.00170427304186394 0.995292860962108
1.71 1.03398795167974 -0.0349951581307919 0.994563561723364
1.716 1.03367728339721 -0.0686035006852839 0.99378382218401
1.722 1.03316432398825 -0.102404652511895 0.992953357933006
1.728 1.03244829317505 -0.136272996123769 0.992071938478891
1.734 1.03152916518703 -0.170082787604041 0.99113938842111
1.74 1.0304076669817 -0.203709002099091 0.990155588439539
1.746 1.02908527141045 -0.23702817162581 0.989120476097531
1.752 1.02756418540603 -0.269919205017069 0.988034046454392
1.758 1.0258473333287 -0.302264180173189 0.986896352483681
1.764 1.02393833566532 -0.333949099324462 0.985707505294387
1.77 1.02184148332948 -0.364864598725265 0.984467674152592
1.776 1.0195617078597 -0.394906605073644 0.983177086301885
1.782 1.01710454785594 -0.423976931957122 0.981836026581445
1.788 1.01447611203159 -0.451983810737766 0.980444836841367
1.794 1.01168303928819 -0.478842351478217 0.979003915155526
1.8 1.00873245624268 -0.504474930743406 0.977513714832963
1.806 1.00563193265226 -0.528811504360208 0.975974743229513
1.812 1.00238943518988 -0.551789844448709 0.974387560362126
1.818 0.99901328002381 -0.573355701226211 0.972752777329102
1.824 0.995512084648201 -0.59346289120373 0.971071054540179
1.83 0.991894719398942 -0.612073314422473 0.969343099761199
1.836 0.988170259070294 -0.629156904296364 0.96756966597884
1.842 0.984347935023895 -0.644691514423467 0.965751549091626
1.848 0.980437088153587 -0.658662747392899 0.96388958543421
1.854 0.976447123037622 -0.671063731141512 0.961984649142614
1.86 0.972387463575316 -0.681894848802685 0.960037649368901
1.866 0.96826751036867 -0.691163428242653 0.958049527354354
1.872 0.964096600071945 -0.698883397601762 0.956021253371002
1.878 0.959883966894144 -0.705074913159429 0.953953823541921
1.884 0.955638706401779 -0.709763965730716 0.951848256551366
1.89 0.951369741732599 -0.712981971595212 0.949705590256362
1.896 0.947085792295783 -0.714765353664006 0.947526878211911
1.902 0.942795345000981 -0.715155118226647 0.945313186122468
1.908 0.938506628027684 -0.714196432205156 0.943065588232734
1.914 0.934227587118321 -0.711938205365854 0.940785163671273
1.92 0.929965864353127 -0.70843268146627 0.938472992760687
1.926 0.925728779342562 -0.703735041791298 0.936130153308444
1.932 0.921523312753856 -0.697903024026871 0.933757716892588
1.938 0.917356092072075 -0.690996558907429 0.931356745156746
1.944 0.913233379483005 -0.683077426579196 0.928928286128893
1.95 0.909161061754936 -0.674208934144676 0.926473370578374
1.956 0.90514464198898 -0.664455615404073 0.923993008425588
1.962 0.901189233102768 -0.653882953391198 0.921488185218647
1.968 0.897299552909915 -0.642557125914085 0.918959858691102
1.974 0.893479920657511 -0.630544773961624 0.916408955414582
1.98 0.889734254885617 -0.617912792522872 0.913836367559858
1.986 0.886066072476386 -0.60472814308876 0.911242949779442
1.992 0.882478488765485 -0.59105768686465 0.908629516224404
1.998 0.878974218595019 -0.576968037515799 0.905996837707532
2.004 0.875555578194721 -0.562525432094391 0.903345639024425
2.01 0.872224487786729 -0.547795618655001 0.900676596443457
2.016 0.868982474818614 -0.532843758952363 0.897990335374884
2.022 0.865830677739165 -0.51773434452931 0.895287428228634
2.028 0.862769850241867 -0.502531124441471 0.892568392469556
2.034 0.859800365911584 -0.487297042826323 0.889833688878085
2.04 0.856922223220827 -0.472094184505857 0.88708372002347
2.046 0.854135050832824 -0.456983726812094 0.884318828955795
2.052 0.851438113179473 -0.44202589584189 0.881539298122172
2.058 0.848830316292882 -0.427279925379934 0.878745348511555
2.064 0.846310213879666 -0.412804016776003 0.87593713903168
2.07 0.843876013637274 -0.398655298122971 0.873114766120721
2.076 0.84152558382131 -0.384889781155636 0.870278263595304
2.082 0.839256460082063 -0.371562314376409 0.867427602735566
2.088 0.837065852597106 -0.358726531012313 0.864562692607005
2.094 0.834950653534918 -0.346434790518635 0.861683380617971
2.1 0.832907444891763 -0.334738112467827 0.858789453310675
2.106 0.830932506750695 -0.323686101798762 0.855880637382747
2.112 0.829021826017196 -0.313326864550618 0.852956600935447
2.118 0.8271711056908 -0.303706913369052 0.850016954943819
2.124 0.825375774735734 -0.294871062248734 0.847061254943217
2.13 0.823630998616317 -0.286862310167436 0.844089002925855
2.136 0.821931690564279 -0.279721713471266 0.841099649440257
2.142 0.820272523645378 -0.273488247089025 0.838092595885758
2.148 0.818647943691529 -0.268198654884719 0.835067196993519
2.154 0.81705218316209 -0.263887289700209 0.832022763484859
2.16 0.815479275993869 -0.2605859438937 0.828958564897097
2.166 0.81392307349381 -0.258323671440952 0.825873832566535
2.172 0.812377261321123 -0.257126602933905 0.82276776275768
2.178 0.810835377596773 -0.257017755081289 0.819639519927322
2.184 0.809290832167854 -0.258016836584318 0.816488240111641
2.19 0.807736927042305 -0.260140052523731 0.813313034424141
2.196 0.806166877995852 -0.263399909646523 0.810112992651844
2.202 0.804573837338034 -0.267805025177097 0.806887186936875
2.208 0.802950917807741 -0.273359941990861 0.803634675530321
2.214 0.801291217551101 -0.280064953173905 0.80035450660503
2.22 0.79958784611595 -0.287915939142479 0.797045722113835
2.226 0.797833951377722 -0.296904220604084 0.793707361679585
2.232 0.796022747291696 -0.307016430702966 0.790338466503264
2.238 0.794147542346439 -0.318234409697791 0.786938083276448
2.244 0.792201768573328 -0.330535125466952 0.783505268084351
2.25 0.790179010947571 -0.3438906230184 0.780039090285763
2.256 0.788073036997618 -0.358268005996077 0.77653863635626
2.262 0.785877826422632 -0.373629452919316 0.773003013681185
2.268 0.7835876005022 -0.389932270567041 0.769431354285106
2.274 0.78119685106915 -0.407128986523395 0.765822818484588
2.28 0.778700368805599 -0.425167482441672 0.762176598451452
2.286 0.776093270614531 -0.443991169062492 0.758491921673884
2.292 0.773371025814699 -0.463539203448045 0.754768054303156
2.298 0.770529480905699 -0.483746748275696 0.751004304374014
2.304 0.767564882652964 -0.504545272383123 0.747200024887225
2.31 0.764473899249261 -0.525862891085747 0.743354616743172
2.316 0.761253639320185 -0.547624744109604 0.73946753151587
2.322 0.757901668556112 -0.569753408314865 0.735538274057259
2.328 0.754416023771949 -0.59216934174197 0.731566404922159
2.334 0.75079522421868 -0.614791354910282 0.727551542604854
2.34 0.747038279996772 -0.637537104753802 0.723493365578836
2.346 0.743144697450667 -0.660323606103908 0.719391614131886
2.352 0.739114481455371 -0.683067755239224 0.715246091989328
2.358 0.734948134539899 -0.705686859728348 0.711056667718949
2.364 0.730646652827684 -0.72809916860116 0.706823275911822
2.37 0.726211518810072 -0.750224396805467 0.702545918133969
2.376 0.721644691005262 -0.771984237940354 0.698224663644607
2.382 0.716948590590735 -0.793302859406625 0.693859649877439
2.388 0.712126085131598 -0.814107374374565 0.68945108268233
2.394 0.707180469559867 -0.834328285334206 0.684999236325463
2.4 0.702115444589768 -0.853899894454115 0.680504453246948
2.406 0.696935092781176 -0.872760676520203 0.675967143575681
2.412 0.691643852486879 -0.890853610842155 0.671387784402152
2.418 0.686246489939017 -0.908126469186882 0.666766918810697
2.424 0.680748069745615 -0.924532057509012 0.662105154673658
2.43 0.675153924079247 -0.940028409980962 0.657403163210702
2.436 0.669469620846729 -0.954578934562452 0.652661677317485
2.442 0.663700931131014 -0.968152510074744 0.647881489668689
2.448 0.657853796194664 -0.980723535442677 0.643063450601323
2.454 0.651934294328207 -0.992271932424063 0.638208465785037
2.46 0.645948607817001 -1.00278310374774 0.633317493687022
2.466 0.639902990287008 -1.01224784911988 0.628391542839876
2.472 0.633803734673734 -1.02066224202345 0.623431668921633
2.478 0.627657142039781 -1.02802747062298 0.618438971657874
2.484 0.621469491445678 -1.03434964639331 0.6134145915566
2.49 0.615247011056204 -1.03963958431467 0.608359706487231
2.496 0.608995850640906 -1.04391255861889 0.603275528115756
2.502 0.602722055603355 -1.0471880381364 0.598163298208656
2.508 0.596431542649422 -1.04948940528407 0.593024284818839
2.514 0.590130077180746 -1.05084366265815 0.587859778367275
2.52 0.583823252476235 -1.05128113105924 0.582671087634562
2.526 0.577516470701959 -1.05083514258672 0.577459535677007
2.532 0.571214925768689 -1.04954173221388 0.572226455682214
2.538 0.564923588036673 -1.04743933096157 0.566973186779425
2.544 0.558647190849297 -1.0445684635426 0.561701069820141
2.55 0.552390218861182 -1.04097145297239 0.556411443144677
2.556 0.546156898112063 -1.03669213436644 0.551105638350458
2.562 0.539951187785576 -1.03177557979004 0.545784976077887
2.568 0.533776773581857 -1.0262678357066 0.540450761829595
2.574 0.527637062624497 -1.02021567425136 0.535104281838805
2.58 0.521535179816013 -1.01366635924994 0.529746799002388
2.586 0.515473965551324 -1.00666742761332 0.52437954889397
2.592 0.509455974695757 -0.999266486469291 0.519003735872172
2.598 0.503483476732727 -0.991511026143874 0.513620529298725
2.604 0.497558456986191 -0.983448248881092 0.508231059880777
2.61 0.491682618824307 -0.975124912990087 0.502836416151285
2.616 0.485857386753103 -0.966587191933399 0.497437641100819
2.622 0.480083910312351 -0.957880547719956 0.492035728973564
2.628 0.474363068690043 -0.949049617840128 0.486631622239655
2.634 0.468695475976779 -0.940138114877159 0.481226208755325
2.64 0.463081486986805 -0.931188737848349 0.475820319121611
2.646 0.457521203578314 -0.922243094269287 0.470414724251609
2.652 0.452014481411813 -0.913341631893296 0.465010133155442
2.658 0.446560937091697 -0.904523579055438 0.459607190951335
2.664 0.441159955642638 -0.89582689254343 0.454206477110235
2.67 0.435810698278853 -0.887288211925928 0.448808503940604
2.676 0.430512110430647 -0.878942819290011 0.443413715319044
2.682 0.425262929998862 -0.870824603373244 0.438022485671517
2.688 0.420061695813779 -0.862966027119965 0.432635119208952
2.694 0.414906756280724 -0.855398097745617 0.427251849420083
2.7 0.409796278199901 -0.848150338455706 0.421872838823408
2.706 0.40472825575294 -0.841250761036756 0.41649817897919
2.712 0.399700519653051 -0.834725838614393 0.41112789076144
2.718 0.394710746459711 -0.828600477957964 0.405761924888903
2.724 0.389756468062227 -0.822897990801138 0.400400162713087
2.73 0.384835081339449 -0.817640063743273 0.395042417260449
2.736 0.379943858005181 -0.812846726396413 0.389688434524944
2.742 0.375079954650596 -0.808536317547127 0.384337895006234
2.748 0.370240422995951 -0.804725449210434 0.378990415487963
2.754 0.365422220364376 -0.801428968564301 0.373645551049679
2.76 0.360622220390173 -0.798659917866952 0.368302797305131
2.766 0.355837223973161 -0.796429492574673 0.362961592858892
2.772 0.35106397048889 -0.794746997994273 0.357621321972475
2.778 0.346299149262259 -0.793619804920725 0.352281317430407
2.784 0.34153941130895 -0.79305330482541 0.346940863595989
2.79 0.336781381345421 -0.793050865273164 0.341599199645868
2.796 0.332021670063773 -0.793613786354255 0.336255522971882
2.802 0.327256886662775 -0.794741259020241 0.330908992738087
2.808 0.322483651620732 -0.796430326307204 0.325558733580335
2.814 0.3176986096897 -0.79867584851486 0.320203839435288
2.82 0.312898443083914 -0.801470473483038 0.314843377485291
2.826 0.308079884828286 -0.804804613165722 0.309476392205144
2.832 0.303239732225462 -0.808666427745095 0.304101909496441
2.838 0.298374860392411 -0.813041818551071 0.29871894089486
2.844 0.293482235809919 -0.817914431054163 0.29332648783549
2.85 0.288558929820764 -0.823265669178163 0.287923545961116
2.856 0.283602132005052 -0.829074722133857 0.282509109458174
2.862 0.278609163354142 -0.835318604899587 0.277082175405007
2.868 0.273577489158146 -0.841972213378021 0.27164174811698
2.874 0.268504731516178 -0.849008395126301 0.26618684347297
2.88 0.263388681373614 -0.856398036401185 0.260716493207844
2.886 0.258227309986676 -0.864110166076553 0.255229749155538
2.892 0.253018779711985 -0.872112076779326 0.249725687427579
2.898 0.247761454017301 -0.880369463355892 0.244203412511994
2.904 0.242453906609753 -0.888846578525863 0.238662061277848
2.91 0.237094929579567 -0.897506405307653 0.233100806870893
2.916 0.23168354046059 -0.906310845516217 0.227518862486193
2.922 0.226218988114024 -0.915220923341915 0.22191548500392
2.928 0.220700757348576 -0.924197002727109 0.216289978475003
2.934 0.215128572198805 -0.933199016970665 0.21064169744375
2.94 0.209502397793718 -0.942186708715835 0.204970050095119
2.946 0.203822440759455 -0.951119878222075 0.199274501214882
2.952 0.198089148113286 -0.959958637592122 0.193554574951538
2.958 0.192303204620626 -0.968663668429228 0.187809857369496
2.964 0.186465528602507 -0.977196480241628 0.182039998783779
2.97 0.180577266197348 -0.985519666797466 0.176244715867191
2.976 0.174639784097884 -0.993597157567827 0.17042379352174
2.982 0.16865466080138 -1.00139446138139 0.164577086506874
2.988 0.162623676428386 -1.00887889945364 0.158704520817977
2.994 0.15654880118209 -1.01601982504664 0.152806094809432
3 0.15043218253635 -1.02278882716193 0.1468818800575
3.006 0.144276131255539 -1.02915991586568 0.140932021959161
3.012 0.138083106362998 -1.03510968708894 0.134956740064077
3.018 0.131855699187015 -1.04061746503149 0.128956328137762
3.024 0.125596616623541 -1.04566542061793 0.122931153955078
3.03 0.119308663763101 -1.05023866480391 0.116881658824169
3.036 0.112994726035502 -1.05432531589899 0.110808356841937
3.042 0.106657751029778 -1.05791654045326 0.104711833883225
3.048 0.100300730148392 -1.06100656763799 0.0985927463268318
3.054 0.0939266802540028 -1.0635926774284 0.092451819522532
3.06 0.0875386254641271 -1.06567516326006 0.0862898460042638
3.066 0.0811395792439965 -1.06725727017232 0.0801076834556086
3.072 0.0747325269408503 -1.06834510976539 0.0739062524346885
3.078 0.0683204088940887 -1.06894755357645 0.0676865338665125
3.084 0.0619061042453601 -1.06907610671953 0.061449566311743
3.09 0.0554924155609541 -1.06874476383068 0.0551964430217193
3.096 0.0490820543661523 -1.06796984951155 0.0489283087904197
3.102 0.0426776276777006 -1.06676984557023 0.0426463566148606
3.108 0.0362816256065485 -1.06516520741803 0.0363518241761678
3.114 0.0298964100888088 -1.06317817199658 0.0300459901542919
3.12 0.0235242047886731 -1.06083255958329 0.02373017038997
3.126 0.0171670862031371 -1.05815357175822 0.0174057139081698
3.132 0.0108269759849456 -1.05516758771582 0.0110739988177652
3.138 0.00450563448746621 -1.05190196097565 0.00473642810271227
3.144 -0.00179534447669334 -1.04838481839102 -0.00160557467961956
3.15 -0.0080745376823648 -1.04464486318007 -0.00795056977691449
3.156 -0.0143306953726455 -1.04071118351395 -0.014297105680871
3.162 -0.0205627430113064 -1.0366130679972 -0.020643723610098
3.168 -0.0267697819516441 -1.03237982917096 -0.0269889620202648
3.174 -0.0329510890727779 -1.02804063596447 -0.0333313611247075
3.18 -0.0391061154393666 -1.02362435581828 -0.039669467408709
3.186 -0.0452344840444415 -1.0191594070084 -0.0460018381206922
3.192 -0.0513359866977003 -1.01467362151533 -0.052327045723717
3.198 -0.0574105801231118 -1.01019411861019 -0.0586436822908296
3.204 -0.0634583813302709 -1.00574718917239 -0.0649503638280959
3.21 -0.0694796623235602 -1.00135819061155 -0.071245734509438
3.216 -0.0754748442120631 -0.997051452142044 -0.0775284708078013
3.222 -0.081444490781301 -0.992850190051056 -0.083797285507589
3.228 -0.0873893015854648 -0.988776432511791 -0.0900509315838245
3.234 -0.0933101046158686 -0.984850953421449 -0.0962882059340222
3.24 -0.0992078485980852 -0.981093214688489 -0.102507952949374
3.246 -0.105083594966618 -0.977521316354999 -0.10870906791248
3.252 -0.110938509562227 -0.974151953916527 -0.114890500209566
3.258 -0.116773854093147 -0.971000382192655 -0.121051256345843
3.264 -0.122590977397572 -0.968080385105616 -0.127190402753439
3.27 -0.128391306540964 -0.965404250740279 -0.133307068382136
3.276 -0.134176337778055 -0.962982751085644 -0.139400447063975
3.282 -0.139947627405928 -0.960825125894285 -0.145469799643629
3.288 -0.145706782531296 -0.958939070140931 -0.151514455867358
3.294 -0.151455451772147 -0.957330724613287 -0.157533816024211
3.3 -0.157195315911299 -0.956004669226294 -0.163527352334072
3.306 -0.16292807851712 -0.954963918714201 -0.169494610078071
3.312 -0.168655456544837 -0.954209920422164 -0.175435208467786
3.318 -0.174379170930336 -0.953742553989563 -0.181348841250608
3.324 -0.1801009371874 -0.953560132790122 -0.187235277049562
3.33 -0.185822456018672 -0.953659407068208 -0.193094359436808
3.336 -0.191545403950555 -0.954035568785699 -0.198926006740967
3.342 -0.197271424002518 -0.954682258268676 -0.204730211589328
3.348 -0.203002116402078 -0.955591572817113 -0.210507040186893
3.354 -0.208739029357901 -0.956754077512917 -0.216256631335122
3.36 -0.214483649905085 -0.958158818531261 -0.221979195194072
3.366 -0.220237394838741 -0.959793339326217 -0.227675011792538
3.372 -0.226001601754368 -0.961643700123477 -0.233344429291591
3.378 -0.231777520216326 -0.963694501209172 -0.238987862007737
3.384 -0.237566303078758 -0.965928910553775 -0.244605788202728
3.39 -0.243368997986709 -0.968328696352392 -0.250198747647798
3.396 -0.249186539088763 -0.970874265096444 -0.255767338970847
3.402 -0.255019738996302 -0.973544705815597 -0.261312216795817
3.408 -0.260869281028352 -0.976317841141419 -0.266834088684159
3.414 -0.266735711784904 -0.979170285844722 -0.272333711888984
3.42 -0.272619434095492 -0.982077513485209 -0.277811889933067
3.426 -0.278520700393533 -0.985013931784273 -0.28326946902249
3.432 -0.284439606570508 -0.987952967287851 -0.288707334308251
3.438 -0.290376086367276 -0.9908671598259 -0.2941264060087
3.444 -0.296329906362624 -0.993728267196875 -0.299527635406115
3.45 -0.30230066162146 -0.996507380409575 -0.304912000731203
3.456 -0.308287772066707 -0.999175049700288 -0.310280502949709
3.462 -0.314290479639868 -1.0017014214106 -0.315634161465676
3.468 -0.320307846315328 -1.00405638566133 -0.320974009756225
3.474 -0.326338753032543 -1.00620973459013 -0.326301090953008
3.48 -0.332381899608373 -1.00813133074252 -0.331616453385731
3.486 -0.338435805688724 -1.00979128499916 -0.336921146103318
3.492 -0.344498812794424 -1.01116014323875 -0.34221621438845
3.498 -0.350569087510721 -1.01220908069634 -0.34750269528131
3.504 -0.356644625862995 -1.01291010278104 -0.3527816131284
3.51 -0.362723258913148 -1.01323625089158 -0.358053975172316
3.516 -0.368802659601756 -1.01316181156022 -0.363320767198283
3.522 -0.374880350850452 -1.01266252705551 -0.368582949253192
3.528 -0.380953714927199 -1.01171580539093 -0.373841451452664
3.534 -0.387020004064345 -1.01030092752355 -0.37909716989151
3.54 -0.39307635230558 -1.00839924939245 -0.384350962672628
3.546 -0.399119788543538 -1.00599439634351 -0.389603646069106
3.552 -0.405147250694816 -1.00307244742237 -0.394855990833877
3.558 -0.411155600944002 -0.999622106994133 -0.400108718670847
3.564 -0.417141641973095 -0.995634861171344 -0.405362498880919
3.57 -0.423102134077767 -0.991105116602662 -0.410617945195793
3.576 -0.429033813057589 -0.986030319296338 -0.415875612811778
3.582 -0.434933408753873 -0.980411051324441 -0.42113599563524
3.588 -0.44079766409647 -0.974251103475695 -0.426399523750538
3.594 -0.446623354510122 -0.96755752219372 -0.431666561120569
3.6 -0.452407307521821 -0.960340629450135 -0.436937403529201
3.606 -0.458146422403623 -0.952614014552941 -0.442212276774012
3.612 -0.463837689680484 -0.944394497273331 -0.447491335116844
3.618 -0.469478210330171 -0.935702062080907 -0.452774659998698
3.624 -0.475065214502344 -0.926559763699695 -0.458062259024559
3.63 -0.480596079586424 -0.916993604625805 -0.46335406522263
3.636 -0.486068347463015 -0.907032385672298 -0.468649936581482
3.642 -0.491479740781268 -0.896707531018028 -0.47394965586746
3.648 -0.496828178114618 -0.886052889624967 -0.479252930723647
3.654 -0.502111787859602 -0.875104515243764 -0.48455939405051
3.66 -0.507328920756733 -0.863900427541447 -0.489868604667263
3.666 -0.512478160928449 -0.852480357151209 -0.495180048251808
3.672 -0.517558335346616 -0.840885477655857 -0.500493138556003
3.678 -0.522568521660613 -0.829158127669654 -0.505807218891862
3.684 -0.527508054336331 -0.817341526274849 -0.511121563883177
3.69 -0.532376529076071 -0.805479485098396 -0.516435381475961
3.696 -0.537173805508977 -0.793616120281716 -0.521747815200019
3.702 -0.541900008160892 -0.7817955675042 -0.527057946672925
3.708 -0.546555525731105 -0.770061703073306 -0.53236479833669
3.714 -0.55114100872092 -0.758457873896015 -0.53766733641639
3.72 -0.555657365475206 -0.74702663890391 -0.542964474089182
3.726 -0.560105756712658 -0.735809524225012 -0.548255074851203
3.732 -0.564487588633378 -0.724846794087282 -0.553537956069092
3.738 -0.56880450470329 -0.714177239109487 -0.558811892702091
3.744 -0.573058376223841 -0.703837983293484 -0.564075621180056
3.75 -0.577251291802259 -0.693864310685752 -0.569327843422038
3.756 -0.581385545842441 -0.684289512333009 -0.574567230979619
3.762 -0.58546362617926 -0.675144753823613 -0.579792429288695
3.768 -0.5894882009799 -0.6664589633905 -0.585002062013034
3.774 -0.593462105034761 -0.658258740256692 -0.590194735462629
3.78 -0.597388325557761 -0.650568282636314 -0.595369043069647
3.786 -0.6012699876116 -0.643409334566428 -0.600523569904634
3.792 -0.605110339267982 -0.636801150537309 -0.605656897215589
3.798 -0.608912736606035 -0.630760476719132 -0.610767606972511
3.804 -0.612680628644561 -0.625301547442099 -0.615854286400158
3.81 -0.616417542295331 -0.620436095485324 -0.620915532481898
3.816 -0.620127067415758 -0.61617337465702 -0.625949956417811
3.822 -0.623812842030049 -0.612520193110214 -0.630956188020484
3.828 -0.627478537778527 -0.609480955826832 -0.635932880032379
3.834 -0.631127845645486 -0.60705771472011 -0.640878712349061
3.84 -0.634764462006724 -0.605250224845419 -0.645792396133107
3.846 -0.638392075029036 -0.604056005271495 -0.650672677804097
3.852 -0.642014351445457 -0.603470403243882 -0.655518342890679
3.858 -0.645634923722171 -0.60348666036761 -0.66032821973142
3.864 -0.649257377625616 -0.604095979643787 -0.665101183011794
3.87 -0.652885240191734 -0.605287592312257 -0.669836157125497
3.876 -0.65652196809335 -0.607048823577148 -0.674532119348968
3.882 -0.660170936396527 -0.609365156422014 -0.679188102818893
3.888 -0.663835427692415 -0.612220292854156 -0.683803199303227
3.894 -0.66751862158749 -0.615596212051908 -0.688376561757169
3.9 -0.671223584532371 -0.619473225022805 -0.692907406656377
3.906 -0.674953259967454 -0.623830025513273 -0.697395016100562
3.912 -0.67871045876238 -0.628643737040755 -0.70183873968152
3.918 -0.68249784992605 -0.633889956046467 -0.706237996110493
3.924 -0.686317951564175 -0.639542791290102 -0.710592274600665
3.93 -0.690173122062502 -0.645574899726978 -0.714901136001453
3.936 -0.694065551475604 -0.651957519222245 -0.719164213682103
3.942 -0.6979972531036 -0.658660498566066 -0.723381214162974
3.948 -0.701970055242271 -0.66565232535763 -0.727551917493705
3.954 -0.705985593095713 -0.672900152424123 -0.731676177378293
3.96 -0.710045300845001 -0.680369823533304 -0.735753921047897
3.966 -0.714150403871086 -0.688025899244489 -0.739785148882976
3.972 -0.718301911135514 -0.695831683822255 -0.743769933787103
3.978 -0.722500607728288 -0.70374925420941 -0.747708420315575
3.984 -0.726747047598377 -0.711739492120021 -0.751600823562597
3.99 -0.731041546488935 -0.719762120368802 -0.755447427811575
3.996 -0.735384175106083 -0.727775744598689 -0.759248584953645
4.002 -0.739774752557254 -0.735737901603219 -0.763004712680303
4.008 -0.744212840102282 -0.743605115462477 -0.766716292456523
4.014 -0.748697735267831 -0.751332962719887 -0.770383867281444
4.02 -0.753228466383054 -0.758876147820131 -0.774008039244224
4.026 -0.757803787601662 -0.766188590004112 -0.777589466883244
4.032 -0.762422174482637 -0.773223522813591 -0.781128862357389
4.038 -0.76708182020853 -0.779933607293742 -0.784626988438622
4.044 -0.771780632526608 -0.786271059894807 -0.788084655335615
4.05 -0.776516231503754 -0.792187795962363 -0.791502717358624
4.056 -0.781285948191004 -0.797635589567825 -0.794882069436301
4.062 -0.786086824297587 -0.8025662502655 -0.798223643495563
4.068 -0.790915612977331 -0.806931817168618 -0.801528404716052
4.074 -0.795768780831958 -0.810684770514133 -0.804797347671137
4.08 -0.800642511236105 -0.813778260634059 -0.808031492367802
4.086 -0.805532709087557 -0.816166353970942 -0.811231880198106
4.092 -0.810435007083107 -0.81780429546869 -0.814399569815255
4.098 -0.815344773615484 -0.818648786337477 -0.817535632947667
4.104 -0.820257122379696 -0.818658275840562 -0.820641150164687
4.11 -0.825166923767941 -0.817793265379464 -0.823717206607863
4.116 -0.830068818120775 -0.816016622776132 -0.826764887701996
4.122 -0.834957230888431 -0.81329390426216 -0.829785274860336
4.128 -0.839826389740106 -0.809593681303213 -0.832779441198492
4.134 -0.844670343640698 -0.804887869017627 -0.8357484472718
4.14 -0.849482983893921 -0.799152052593218 -0.838693336850948
4.146 -0.85425806712821 -0.792365807788904 -0.841615132750775
4.152 -0.858989240177467 -0.784513011327519 -0.844514832727149
4.158 -0.863670066782834 -0.775582136759533 -0.847393405456822
4.164 -0.86829405601463 -0.765566531213345 -0.850251786615077
4.17 -0.872854692285774 -0.754464668356055 -0.853090875065861
4.176 -0.877345466799871 -0.742280372879213 -0.855911529178892
4.182 -0.881759910249244 -0.729023011904832 -0.858714563288018
4.188 -0.886091626551036 -0.714707648883611 -0.861500744304757
4.194 -0.890334327383711 -0.699355155834315 -0.864270788500611
4.2 -0.894481867262476 -0.682992280152511 -0.867025358471287
4.206 -0.898528278870894 -0.665651662696447 -0.869765060295453
4.212 -0.902467808347901 -0.647371804434638 -0.872490440900104
4.218 -0.906294950215092 -0.628196979605464 -0.875201985643934
4.224 -0.910004481619031 -0.608177094084033 -0.877900116129417
4.23 -0.913591495557948 -0.587367488462161 -0.880585188253525
4.236 -0.917051432761743 -0.565828686207173 -0.883257490506137
4.242 -0.920380111899098 -0.543626088156062 -0.885917242524295
4.248 -0.923573757795731 -0.520829615502789 -0.888564593909472
4.254 -0.926629027363444 -0.49751330432608 -0.891199623313996
4.26 -0.929543032960529 -0.473754855561346 -0.893822337801673
4.266 -0.932313362929891 -0.449635145120281 -0.896432672486487
4.272 -0.934938099091744 -0.425237699584786 -0.899030490452118
4.278 -0.93741583100218 -0.400648143527897 -0.901615582953744
4.284 -0.939745666826852 -0.375953625026908 -0.904187669902356
4.29 -0.941927240719608 -0.351242226318286 -0.906746400630556
4.296 -0.943960716638436 -0.32660236679028 -0.909291354937465
4.302 -0.945846788574613 -0.302122205610567 -0.911822044409105
4.308 -0.947586677214697 -0.277889051241032 -0.914337914009312
4.314 -0.949182123097987 -0.253988784901662 -0.916838343934919
4.32 -0.950635376373553 -0.230505304717071 -0.919322651727706
4.326 -0.951949183300019 -0.207519996822475 -0.921790094634376
4.332 -0.953126769667287 -0.185111239134796 -0.924239872204579
4.338 -0.954171821351641 -0.163353942825642 -0.926671129115885
4.344 -0.955088462243737 -0.142319135785081 -0.929082958213497
4.35 -0.955881229812241 -0.122073591558786 -0.931474403751469
4.356 -0.956555048584335 -0.102679506398056 -0.933844464821204
4.362 -0.957115201837527 -0.0841942262030226 -0.936192098952191
4.368 -0.95756730180532 -0.0666700242854148 -0.938516225869067
4.374 -0.957917258702367 -0.0501539300480651 -0.940815731388468
4.38 -0.958171248872913 -0.0346876078904259 -0.94308947143849
4.386 -0.958335682359968 -0.0203072849202321 -0.945336276183086
4.392 -0.958417170182121 -0.00704372539110665 -0.947554954233362
4.398 -0.958422491590643 0.00507775079317696 -0.949744296927417
4.404 -0.958358561562047 0.0160372086596823 -0.951903082660239
4.41 -0.958232398761101 0.0258200013846022 -0.954030081245063
4.416 -0.958051094187041 0.0344166400103063 -0.956124058287694
4.422 -0.957821780691825 0.0418226337365013 -0.958183779555401
4.428 -0.957551603534431 0.0480383049919908 -0.96020801532229
4.434 -0.957247692109766 0.053068583530731 -0.962195544673401
4.44 -0.956917132965348 0.0569227837734658 -0.964145159750215
4.446 -0.956566944193905 0.0596143695039402 -0.966055669920865
4.452 -0.956204051265796 0.0611607098731106 -0.967925905858882
4.458 -0.955835264342065 0.0615828304503161 -0.969754723515087
4.464 -0.955467257087288 0.0609051628041932 -0.971541007968013
4.47 -0.955106546981269 0.0591552958094503 -0.973283677139014
4.476 -0.954759477110424 0.0563637315627794 -0.974981685359201
4.482 -0.954432199403382 0.0525636484634813 -0.976634026776214
4.488 -0.954130659260966 0.0477906736775715 -0.978239738589849
4.494 -0.953860581518461 0.0420826668652321 -0.979797904106536
4.5 -0.953627457667777 0.0354795167162845 -0.981307655603712
4.506 -0.953436534258859 0.028022951511474 -0.982768176996143
4.512 -0.953292802393309 0.0197563646123342 -0.984178706297277
4.518 -0.953200988218711 0.0107246554826528 -0.985538537869763
4.524 -0.953165544329358 0.000974086562070653 -0.986847024460263
4.53 -0.953190641977982 -0.00944784395202181 -0.98810357901467
4.536 -0.953280164003477 -0.0204925136029708 -0.989307676270856
4.542 -0.953437698381439 -0.0321102718679716 -0.990458854126939
4.548 -0.953666532307452 -0.0442505216667839 -0.991556714784032
4.554 -0.953969646727352 -0.056861786995436 -0.992600925663212
4.56 -0.954349711234077 -0.0698917676656152 -0.99359122009734
4.566 -0.954809079257081 -0.0832873822855811 -0.994527397799042
4.572 -0.955349783477504 -0.0969948007591752 -0.995409325106936
4.578 -0.955973531410386 -0.110959467706681 -0.996236935012791
4.584 -0.956681701103928 -0.125126118326504 -0.997010226972967
4.59 -0.957475336915287 -0.139438788320925 -0.997729266507969
4.596 -0.958355145332385 -0.153840819603486 -0.998394184594497
4.602 -0.959321490821798 -0.168274863590594 -0.999005176854792
4.608 -0.960374391693828 -0.182682883956182 -0.999562502548479
4.614 -0.96151351598733 -0.197006160795653 -1.00006648337245
4.62 -0.962738177388769 -0.211185298203677 -1.00051750207464
4.626 -0.964047331212089 -0.225160237318989 -1.00091600088781
4.632 -0.965439570478481 -0.238870276926927 -1.00126247978969
4.638 -0.966913122147725 -0.252254103735631 -1.00155749459588
4.644 -0.968465843565519 -0.265249834452441 -1.00180165489243
4.65 -0.970095219203986 -0.277795071780764 -1.00199562181467
4.656 -0.971798357785154 -0.289826976431607 -1.00214010567932
4.662 -0.973571989889686 -0.301282357195145 -1.00223586347696
4.668 -0.975412466165171 -0.312097781041871 -1.00228369623188
4.674 -0.977315756259794 -0.322209705117642 -1.00228444623655
4.68 -0.979277448618016 -0.331554632356749 -1.00223899416797
4.686 -0.981292751284699 -0.34006929225956 -1.00214825609335
4.692 -0.983356493872776 -0.34769084816142 -1.00201318037236
4.698 -0.985463130856729 -0.354357132054684 -1.00183474446382
4.704 -0.987606746359616 -0.360006907712041 -1.00161395164419
4.71 -0.989781060604812 -0.364580162495216 -1.00135182764587
4.716 -0.991979438204673 -0.368018427816473 -1.00104941722327
4.722 -0.994194898456813 -0.370265127751352 -1.00070778065466
4.728 -0.996420127814084 -0.371265954779687 -1.00032799018838
4.734 -0.998647494686559 -0.3709692710637 -0.999911126441757
4.74 -1.00086906672244 -0.369326533056608 -0.999458274761837
4.746 -1.00307663069965 -0.366292736583858 -0.99897052155683
4.752 -1.00526171514061 -0.361826878861521 -0.998448950607894
4.758 -1.00741561573959 -0.355892433215487 -0.997894639370948
4.764 -1.00952942366427 -0.348457831566009 -0.997308655278685
4.77 -1.01159405676165 -0.339496949053558 -0.996692052053273
4.776 -1.01360029366252 -0.32898958452391 -0.996045866040646
4.782 -1.01553881073943 -0.316921929983309 -0.995371112577662
4.788 -1.01740022182978 -0.303287021600308 -0.994668782403788
4.794 -1.01917512059004 -0.28808516439136 -0.99393983812938
4.8 -1.02085412529876 -0.271324322406683 -0.993185210772978
4.806 -1.02242792587621 -0.253020466051211 -0.992405796380386
4.812 -1.02388733283849 -0.233197868156342 -0.991602452738658
4.818 -1.02522332785357 -0.211889340578132 -0.990775996198332
4.824 -1.02642711551883 -0.189136403452141 -0.989927198617553
4.83 -1.02749017593349 -0.164989379794814 -0.989056784441846
4.836 -1.02840431759832 -0.13950740891165 -0.988165427933429
4.842 -1.02916173013783 -0.112758373050629 -0.987253750563968
4.848 -1.02975503631098 -0.0848187329194587 -0.986322318584621
4.854 -1.03017734275359 -0.0557732690497525 -0.985371640787032
4.86 -1.03042228888245 -0.0257147275183121 -0.984402166468695
4.866 -1.03048409338668 0.00525662980562425 -0.983414283615688
4.872 -1.03035759773862 0.0370335685644361 -0.982408317315299
4.878 -1.03003830617306 0.0695025150393511 -0.981384528410393
4.884 -1.02952242161167 0.102544273562686 -0.980343112406633
4.89 -1.02880687704786 0.136034820912792 -0.979284198642745
4.896 -1.02788936195642 0.169846168723155 -0.978207849732965
4.902 -1.02676834335051 0.203847283418931 -0.977114061289663
4.908 -1.02544308117565 0.237905051873001 -0.976002761932791
4.914 -1.02391363780464 0.271885279891352 -0.974873813591395
4.92 -1.02218088147713 0.30565370983161 -0.973727012100858
4.926 -1.02024648361156 0.339077043155831 -0.972562088097899
4.932 -1.01811291000288 0.372023953538077 -0.971378708213564
4.938 -1.01578340600566 0.404366076295783 -0.970176476562614
4.944 -1.01326197588618 0.435978960388439 -0.968954936525817
4.95 -1.01055335660749 0.466742970013225 -0.967713572819657
4.956 -1.00766298638621 0.496544123900397 -0.96645181384602
4.962 -1.00459696842719 0.525274861737469 -0.965169034312385
4.968 -1.00136203030127 0.552834728689621 -0.963864558111102
4.974 -0.997965479480363 0.57913097068584 -0.962537661444364
4.98 -0.994415155582848 0.604079034956296 -0.961187576179607
4.986 -0.990719379909472 0.627602972181469 -0.959813493418287
4.992 -0.986886902866433 0.649635738495995 -0.958414567259284
4.998 -0.98292684987711 0.670119397429312 -0.956989918736616
5.004 -0.978848666378163 0.689005223613453 -0.955538639909771
5.01 -0.974662062479867 0.706253711706939 -0.954059798083696
5.016 -0.970376957845311 0.721834495435495 -0.952552440134474
5.022 -0.966003427309903 0.735726182911424 -0.951015596915859
5.028 -0.961551647722306 0.747916115443246 -0.949448287721226
5.034 -0.957031846442125 0.758400057874702 -0.947849524775107
5.04 -0.952454251879478 0.767181829095563 -0.946218317728316
5.046 -0.947829046408496 0.774272881747436 -0.944553678130747
5.052 -0.943166321932023 0.779691840318037 -0.942854623856253
5.058 -0.938476038319638 0.783464006790297 -0.941120183454527
5.064 -0.933767984886629 0.785620842809237 -0.939349400405742
5.07 -0.929051745028802 0.78619943696976 -0.937541337254621
5.076 -0.924336664077757 0.785241965342017 -0.93569507960186
5.082 -0.919631820394354 0.782795152752502 -0.933809739932173
5.088 -0.914945999674916 0.778909741667285 -0.931884461259782
5.094 -0.910287672405866 0.773639974791191 -0.929918420573881
5.1 -0.905664974368048 0.767043096732483 -0.927910832068397
5.106 -0.901085690062234 0.759178879305336 -0.925860950142331
5.112 -0.896557238902217 0.750109174270621 -0.923768072158923
5.118 -0.892086664001336 0.739897496564771 -0.921631540953975
5.124 -0.88768062336216 0.72860864034943 -0.919450747085723
5.13 -0.883345383267095 0.716308329541846 -0.917225130820746
5.136 -0.879086813659635 0.703062903864184 -0.914954183852484
5.142 -0.874910385301435 0.688939040884962 -0.912637450750923
5.148 -0.870821168489135 0.6740035140195 -0.910274530144009
5.154 -0.866823833116385 0.658322986010259 -0.907865075633222
5.16 -0.862922649870648 0.641963837020362 -0.905408796447509
5.166 -0.8591214923605 0.624992026142916 -0.902905457841463
5.172 -0.855423839977275 0.607472984850737 -0.900354881245171
5.178 -0.851832781304376 0.589471540681906 -0.897756944174549
5.184 -0.84835101789848 0.571051869270778 -0.895111579912259
5.19 -0.844980868278561 0.552277472686412 -0.892418776970401
5.196 -0.84172427197133 0.533211181925336 -0.889678578347111
5.202 -0.838582793474837 0.513915181317041 -0.886891080590035
5.208 -0.835557626015664 0.494451052533504 -0.884056432680255
5.214 -0.832649594989131 0.47487983584247 -0.881174834750735
5.22 -0.829859160986251 0.455262106203657 -0.87824653665375
5.226 -0.827186422325656 0.435658061772374 -0.875271836391877
5.232 -0.824631117023442 0.416127622342397 -0.872251078427287
5.238 -0.822192624148789 0.396730535225457 -0.869184651883966
5.244 -0.81986996452833 0.377526486025556 -0.866072988657319
5.25 -0.817661800777659 0.358575211719755 -0.862916561445385
5.256 -0.815566436654018 0.339936613401795 -0.859715881715451
5.262 -0.813581815740294 0.321670865979274 -0.856471497619453
5.268 -0.811705519486916 0.303838522039608 -0.85318399187098
5.274 -0.809934764655196 0.2865006070145 -0.849853979596139
5.28 -0.808266400223179 0.269718702679327 -0.846482106169874
5.286 -0.806696903833118 0.253555015924477 -0.843069045048638
5.292 -0.805222377878397 0.238072429634507 -0.839615495609636
5.298 -0.803838545346986 0.223334532411842 -0.836122181006078
5.304 -0.802540745558381 0.209405623791058 -0.832589846047156
5.31 -0.801323929951354 0.196350691513873 -0.829019255110679
5.316 -0.80018265810056 0.184235357382828 -0.825411190095567
5.322 -0.799111094161047 0.173125788191721 -0.821766448420647
5.328 -0.798103003960659 0.163088568254718 -0.818085841075448
5.334 -0.797151752980999 0.154190530135185 -0.81437019072801
5.34 -0.796250305487597 0.146498540321698 -0.810620329894003
5.346 -0.795391225088811 0.140079236827674 -0.806837099170812
5.352 -0.794566677020213 0.134998716014515 -0.803021345539605
5.358 -0.793768432466151 0.131322166371362 -0.799173920737801
5.364 -0.792987875242204 0.129113447541044 -0.795295679703814
5.37 -0.792216011170488 0.128434613572495 -0.791387479095387
5.376 -0.791443480483454 0.129345380217742 -0.787450175882398
5.382 -0.790660573590024 0.131902537081352 -0.783484626014501
5.388 -0.7898572505297 0.136159306575337 -0.779491683163623
5.394 -0.789023164424734 0.142164652938408 -0.775472197540917
5.4 -0.788147689216604 0.149962546025204 -0.771427014787432
5.406 -0.787219951940133 0.159591186158682 -0.767356974937509
5.412 -0.786228869745771 0.171082198031844 -0.763262911453557
5.418 -0.785163191827369 0.184459803421698 -0.759145650330721
5.424 -0.784011546348741 0.19973998429067 -0.755006009269675
5.43 -0.78276249238747 0.216929649650741 -0.750844796915628
5.436 -0.781404576828883 0.236025821291973 -0.746662812161492
5.442 -0.779926396047733 0.257014855059641 -0.742460843513024
5.448 -0.778316662110735 0.279871715726813 -0.738239668513642
5.454 -0.776564273121537 0.304559324569714 -0.734000053226586
5.46 -0.774658387212759 0.331027999427574 -0.729742751771982
5.466 -0.772588499570223 0.359215007235812 -0.725468505916384
5.472 -0.770344521755263 0.389044248684135 -0.721178044712306
5.478 -0.767916862475591 0.420426093706018 -0.71687208418528
5.484 -0.76529650884748 0.453257384903613 -0.712551327065974
5.49 -0.762475107095858 0.487421623725643 -0.708216462564936
5.496 -0.759445041558613 0.522789351244148 -0.70386816618754
5.502 -0.756199510800893 0.559218731747201 -0.699507099586786
5.508 -0.752732599608276 0.596556343140887 -0.695133910451619
5.514 -0.749039345617694 0.634638173428862 -0.690749232428532
5.52 -0.745115799364484 0.673290817440002 -0.686353685074227
5.526 -0.740959076574865 0.712332862660236 -0.681947873837239
5.532 -0.736567401616009 0.751576447676084 -0.677532390066436
5.538 -0.73194014113057 0.790828971552554 -0.673107811044439
5.544 -0.727077827027241 0.829894927654595 -0.668674700044047
5.55 -0.72198216817094 0.868577831182448 -0.664233606405831
5.556 -0.716656050311404 0.906682206218776 -0.659785065635178
5.562 -0.711103524002369 0.94401559554456 -0.655329599517089
5.568 -0.705329780488895 0.98039055500331 -0.65086771624717
5.574 -0.699341115771343 1.01562659386602 -0.646399910577293
5.58 -0.693144883283775 1.04955202351109 -0.641926663974497
5.586 -0.686749435845149 1.08200567876813 -0.637448444791798
5.592 -0.680164057746678 1.11283847941513 -0.632965708449606
5.598 -0.673398888021887 1.14191480344428 -0.628478897626563
5.604 -0.666464836101683 1.16911364866379 -0.623988442458658
5.61 -0.659373491180933 1.19432956478127 -0.619494760745578
5.616 -0.652137026712281 1.21747334410097 -0.614998258163276
5.622 -0.644768101495763 1.23847246512818 -0.610499328481845
5.628 -0.637279758848556 1.25727128947894 -0.605998353787816
5.634 -0.629685325319196 1.27383101832248 -0.601495704710091
5.64 -0.621998310356803 1.28812941994296 -0.596991740648736
5.646 -0.614232308261877 1.30016034473008 -0.592486810005965
5.652 -0.606400903635044 1.30993304787125 -0.587981250418647
5.658 -0.598517581408707 1.31747134313396 -0.583475388991762
5.664 -0.590595642399109 1.32281261335401 -0.578969542532244
5.67 -0.582648125158166 1.32600670458009 -0.574464017782716
5.676 -0.574687734740895 1.32711473130171 -0.56995911165466
5.682 -0.566726778840243 1.32620781986995 -0.565455111460594
5.688 -0.558777111581243 1.32336581620004 -0.56095229514488
5.694 -0.550850085114439 1.31867598222715 -0.556450931512806
5.7 -0.542956509007811 1.3122317034881 -0.551951280457652
5.706 -0.53510661730935 1.30413122775218 -0.547453593185424
5.712 -0.527310043040951 1.2944764519285 -0.542958112437027
5.718 -0.519575799789267 1.28337177166494 -0.538465072707652
5.724 -0.511912269981272 1.27092300521343 -0.533974700463154
5.73 -0.504327199371141 1.25723640036387 -0.529487214353276
5.736 -0.496827697220276 1.24241773061432 -0.525002825421541
5.742 -0.489420241622702 1.22657148430639 -0.520521737311684
5.748 -0.482110689412435 1.20980014825387 -0.516044146470521
5.754 -0.474904290086169 1.19220358545626 -0.511570242347146
5.76 -0.467805703182229 1.17387850483144 -0.507100207588382
5.766 -0.460819018573368 1.15491801952544 -0.502634218230414
5.772 -0.453947779155112 1.13541128925536 -0.49817244388657
5.778 -0.44719500544123 1.11544324129916 -0.49371504793119
5.784 -0.440563221612189 1.09509436414402 -0.489262187679576
5.79 -0.434054482599608 1.07444056741832 -0.484814014563989
5.796 -0.427670401828682 1.05355310153576 -0.480370674305715
5.802 -0.421412179280131 1.03249853044647 -0.475932307083165
5.808 -0.41528062957262 1.01133875099201 -0.471499047696063
5.814 -0.409276209805031 0.990131052573875 -0.467071025725698
5.82 -0.403399046934854 0.968928211143621 -0.462648365691314
5.826 -0.39764896450384 0.947778611885986 -0.458231187202618
5.832 -0.392025508554633 0.926726395374227 -0.453819605108486
5.838 -0.386527972612128 0.905811622412676 -0.449413729641882
5.844 -0.381155421630671 0.885070453230971 -0.445013666561053
5.85 -0.375906714832852 0.86453533714502 -0.440619517287038
5.856 -0.370780527387652 0.84423520924248 -0.436231379037551
5.862 -0.365775370895045 0.824195691077282 -0.431849344957292
5.868 -0.360889612661032 0.804439292762971 -0.427473504244749
5.874 -0.356121493761577 0.784985614234257 -0.423103942275539
5.88 -0.351469145906259 0.765851543797501 -0.418740740722372
5.886 -0.346930607122716 0.747051452412326 -0.414383977671681
5.892 -0.342503836291454 0.728597382437765 -0.410033727736993
5.898 -0.338186726567345 0.7104992298372 -0.405690062169115
5.904 -0.333977117729511 0.692764919068246 -0.401353048963179
5.91 -0.329872807505299 0.675400570087403 -0.397022752962646
5.916 -0.325871561916886 0.65841065707661 -0.392699235960301
5.922 -0.32197112470101 0.641798158651825 -0.388382556796338
5.928 -0.318169225853296 0.625564699443869 -0.384072771453585
5.934 -0.314463589349011 0.609710683051652 -0.379769933149935
5.94 -0.310851940091771 0.594235416458985 -0.375474092428073
5.946 -0.307332010140959 0.579137226080854 -0.371185297242529
5.952 -0.303901544267427 0.56441356566498 -0.366903593044156
5.958 -0.300558304885547 0.55006111632154 -0.362629022862086
5.964 -0.297300076407938 0.53607587898962 -0.358361627383227
5.97 -0.29412466906725 0.522453259675185 -0.35410144502936
5.976 -0.291029922247332 0.509188147812955 -0.349848512031918
5.982 -0.288013707363943 0.496274988115418 -0.345602862504492
5.988 -0.285073930332999 0.483707846276801 -0.341364528513128
5.994 -0.2822085336621 0.471480468899784 -0.337133540144483
