-------------------------------------------------------
Random symmetrix matrix, A:
     0.309      0.557      0.423      0.585      0.115 
     0.557      0.973      0.841      0.646      0.857 
     0.423      0.841      0.485      0.937      0.849 
     0.585      0.646      0.937      0.948      0.567 
     0.115      0.857      0.849      0.567      0.483 
-------------------------------------------------------
Eigenvectors of A:
    -0.243       0.52      0.637      0.434      0.276 
     0.114     -0.495      0.522     -0.441      0.523 
     0.726      0.415     -0.261    -0.0145      0.482 
    -0.189     -0.447     -0.351      0.628      0.498 
    -0.604      0.335     -0.361     -0.472      0.412 
-------------------------------------------------------
Eigenvalues of A:
    -0.475     -0.312      0.205      0.451       3.33 
-------------------------------------------------------
Vectors produced from A*eigenvector (columns are the vectors):
     0.116     -0.163       0.13      0.196      0.919 
   -0.0543      0.155      0.107     -0.199       1.74 
    -0.344      -0.13    -0.0535   -0.00654       1.61 
    0.0896       0.14    -0.0719      0.283       1.66 
     0.287     -0.105     -0.074     -0.213       1.37 
-------------------------------------------------------
Vectors produced from eigenvalue*eigenvector (columns are the vectors):
     0.116     -0.163       0.13      0.196      0.919 
   -0.0543      0.155      0.107     -0.199       1.74 
    -0.344      -0.13    -0.0535   -0.00653       1.61 
    0.0897       0.14    -0.0719      0.283       1.66 
     0.287     -0.105     -0.074     -0.213       1.37 
-------------------------------------------------------
Diagonalized A:
    -0.475   1.07e-09   8.47e-21  -2.13e-05   3.28e-07 
  1.07e-09     -0.312   1.61e-05  -2.12e-07   4.39e-09 
  1.65e-16   1.61e-05      0.205  -1.54e-08  -2.42e-11 
 -2.13e-05  -2.12e-07  -1.54e-08      0.451   5.42e-20 
  3.28e-07   4.39e-09  -2.42e-11  -2.24e-16       3.33 
-------------------------------------------------------
Product VT * A * V:
    -0.475   1.07e-09   2.64e-16  -2.13e-05   3.28e-07 
  1.07e-09     -0.312   1.61e-05  -2.12e-07   4.39e-09 
  2.64e-16   1.61e-05      0.205  -1.54e-08  -2.42e-11 
 -2.13e-05  -2.12e-07  -1.54e-08      0.451  -6.25e-16 
  3.28e-07   4.39e-09  -2.42e-11  -4.44e-16       3.33 
-------------------------------------------------------
Product V D VT: 
     0.309      0.557      0.423      0.585      0.115 
     0.557      0.973      0.841      0.646      0.857 
     0.423      0.841      0.485      0.937      0.849 
     0.585      0.646      0.937      0.948      0.567 
     0.115      0.857      0.849      0.567      0.483 
-------------------------------------------------------
Product VT * V:
         1  -1.39e-16  -1.11e-16   1.67e-16  -1.94e-16 
 -1.39e-16          1  -1.25e-16   1.67e-16   2.78e-17 
 -1.11e-16  -1.25e-16          1   1.39e-16   1.94e-16 
  1.67e-16   1.67e-16   1.39e-16          1  -2.78e-17 
 -1.94e-16   2.78e-17   1.94e-16  -2.78e-17          1 
-------------------------------------------------------
Product V * VT:
         1  -5.55e-17  -1.39e-16   1.39e-16  -4.16e-17 
 -5.55e-17          1  -3.33e-16  -1.11e-16          0 
 -1.39e-16  -3.33e-16          1  -8.33e-17  -2.22e-16 
  1.39e-16  -1.11e-16  -8.33e-17          1  -1.11e-16 
 -4.16e-17          0  -2.22e-16  -1.11e-16          1 
-------------------------------------------------------
