"0'th-eigenfunction (numerical)"
0.2 0.0210887918792997
0.4 0.0566946412773093
0.6 0.0857305813819816
0.8 0.102436515536283
1 0.10756295659739
1.2 0.104103129303991
1.4 0.0952327733723273
1.6 0.0835944746147799
1.8 0.0711064455951001
2 0.0589989137269509
2.2 0.047980712457293
2.4 0.0383750935837103
2.6 0.0302663499157223
2.8 0.0235912343595881
3 0.0181996935790572
3.2 0.013916551547971
3.4 0.0105579787033278
3.6 0.00795563654967736
3.8 0.005957087840491
4 0.00443573647099503
4.2 0.00328607061673243
4.4 0.00242362190094846
4.6 0.00178039333015833
4.8 0.0013028302810418
5 0.00095030928426454
5.2 0.000690881613333487
5.4 0.000500946047193066
5.6 0.000361903463489818
5.8 0.000260845582907714
6 0.000187625394580628
6.2 0.00013469353719413
6.4 9.63821990588921E-05
6.6 6.89129444319419E-05
6.8 4.9204630833599E-05
7 3.49958317760509E-05
7.2 2.48443157362815E-05
7.4 1.76113390348415E-05
7.6 1.24991948794133E-05
7.8 8.86475546131421E-06
8 6.27740596605091E-06
8.2 4.45816895044979E-06
8.4 3.13229563787811E-06
8.6 2.2051336868631E-06
8.8 1.55129965201284E-06
9 1.08463722716854E-06
9.2 7.66614691614884E-07
9.4 5.37692542704731E-07
9.6 3.79730177028463E-07
9.8 2.6704935716057E-07
10 1.83759487825652E-07
10.2 1.28224625283901E-07
10.4 8.94394027978941E-08
10.6 6.20392368047699E-08
10.8 4.34108957161832E-08
11 2.9392760974511E-08
11.2 2.16060838721467E-08
11.4 1.48443302855797E-08
11.6 9.6633333120934E-09
11.8 7.09022190840044E-09
12 5.29359961624375E-09
12.2 3.26243700199875E-09
12.4 2.33980385126724E-09
12.6 1.35176754150871E-09
12.8 9.60580523205766E-10
13 3.70580756959438E-10
13.2 2.94835281378006E-10
13.4 3.30979202238415E-10
13.6 2.14182577119158E-10
13.8 2.07002047865914E-10
14 1.6098697463755E-10
14.2 7.24537283909937E-11
14.4 5.76263289593737E-11
14.6 4.405425860033E-11
14.8 2.85810754006655E-11
15 2.94783910370122E-11
15.2 4.7026564085169E-11
15.4 4.29953573585223E-11
15.6 5.9222209943406E-13
15.8 1.07392109365806E-11
16 5.70173362971566E-13
16.2 2.18899099498801E-11
16.4 3.99273548793252E-11
16.6 2.93932419384664E-11
16.8 1.38748113841562E-11
17 1.03681061462692E-11
17.2 1.66558196290895E-11
17.4 2.11051101944499E-11
17.6 1.73694987486183E-11
17.8 1.07485930511862E-11
18 1.36832196074977E-12
18.2 9.1572742177595E-13
18.4 2.14870196598059E-11
18.6 2.78730677835238E-11
18.8 4.89076790724899E-11
19 1.34946973054792E-13
19.2 7.60374707873241E-13
19.4 1.3229675063453E-11
19.6 9.2919640416271E-13
19.8 2.45721163892644E-12
20 6.29402788855061E-12
20.2 2.3940670161427E-12
20.4 1.07533577887798E-12
20.6 9.53795166873775E-12
20.8 3.12929751280896E-11
21 1.17045102841512E-11
21.2 1.37884552868881E-14
21.4 5.63703720182099E-16
21.6 1.26124853123362E-12
21.8 1.02514378788788E-11
22 1.69226002662025E-11
22.2 5.89222176001807E-12
22.4 1.65129086684962E-11
22.6 4.50366790474813E-11
22.8 4.21240109078554E-11
23 3.78191543510592E-11
23.2 1.83411581082756E-11
23.4 1.98918108479936E-11
23.6 1.63541958490581E-12
23.8 4.80844104701091E-12
24 2.21569306561602E-12
24.2 5.66044130408109E-13
24.4 3.32993201471951E-12
24.6 5.65122323852129E-13
24.8 1.89891796227266E-12
25 6.16071794662051E-12
25.2 2.09930783130452E-12
25.4 7.15652931622687E-12
25.6 5.167543569775E-12
25.8 1.0204522748089E-11
26 3.83561391266957E-11
26.2 1.42503543153951E-11
26.4 1.23476325063286E-13
26.6 5.88103227965382E-12
26.8 9.60731652817216E-12
27 1.32487427028839E-11
27.2 5.15791848460441E-12
27.4 2.79981051130427E-12
27.6 1.75871558605446E-12
27.8 3.77971852732456E-11
28 3.1739719913526E-11
28.2 8.32413171713794E-12
28.4 4.77814339231425E-12
28.6 4.03604080255811E-13
28.8 1.31891271220871E-12
29 5.76905264328727E-12
29.2 7.14259288599401E-12
29.4 6.81362588600172E-12
29.6 5.35344074489082E-12
29.8 6.77330272589912E-13
30 1.68299440918149E-12


"0'th-eigenfunction (analytical)"
0 0
0.03 0.000678070464180659
0.06 0.00255433085774541
0.09 0.00541255096994504
0.12 0.00906195295948669
0.15 0.0133347279722709
0.18 0.0180837703717611
0.21 0.0231806118030752
0.24 0.028513538694427
0.27 0.0339858780784511
0.3 0.0395144377987699
0.33 0.0450280882609168
0.36 0.0504664738979299
0.39 0.0557788434556196
0.42 0.0609229890663117
0.45 0.065864284877977
0.48 0.0705748167429326
0.51 0.0750325951512141
0.54 0.0792208442224514
0.57 0.0831273601504937
0.6 0.0867439330307142
0.63 0.0900658264942071
0.66 0.0930913100290595
0.69 0.0958212392894
0.72 0.0982586800806495
0.75 0.100408572066793
0.78 0.102277428574836
0.81 0.103873069175008
0.84 0.105204381994726
0.87 0.106281112981604
0.9 0.107113679567588
0.93 0.107713006404225
0.96 0.108090381039465
0.99 0.108257327590725
1.02 0.108225496638331
1.05 0.10800656971913
1.08 0.107612176943037
1.11 0.107053826386585
1.14 0.10634284403801
1.17 0.105490323178978
1.2 0.104507082189403
1.23 0.103403629854768
1.26 0.102190137340446
1.29 0.100876416075534
1.32 0.0994719008600376
1.35 0.0979856375745552
1.38 0.0964262749312798
1.41 0.0948020597597139
1.44 0.0931208353702878
1.47 0.091390042584561
1.5 0.0896167230621551
1.53 0.0878075245923769
1.56 0.0859687080529316
1.59 0.0841061557694703
1.62 0.0822253810382253
1.65 0.0803315385999007
1.68 0.0784294358765041
1.71 0.0765235448041503
1.74 0.0746180141142057
1.77 0.0727166819326521
1.8 0.0708230885833823
1.83 0.0689404894954455
1.86 0.0670718681271624
1.89 0.0652199488316597
1.92 0.0633872095988316
1.95 0.061575894618137
1.98 0.0597880266150674
2.01 0.0580254189216684
2.04 0.0562896872482386
2.07 0.0545822611293457
2.1 0.0529043950226453
2.13 0.0512571790437383
2.16 0.0496415493245005
2.19 0.0480582979860279
2.22 0.0465080827205949
2.25 0.0449914359798813
2.28 0.0435087737692079
2.31 0.0420604040496811
2.34 0.0406465347520094
2.37 0.0392672814073479
2.4 0.0379226744018843
2.43 0.0366126658630185
2.46 0.0353371361859406
2.49 0.034095900210186
2.52 0.032888713056372
2.55 0.0317152756338124
2.58 0.0305752398300709
2.61 0.0294682133937828
2.64 0.028393764522237
2.67 0.0273514261653057
2.7 0.0263407000573171
2.73 0.0253610604884261
2.76 0.0244119578269344
2.79 0.0234928218038643
2.82 0.0226030645709078
2.85 0.0217420835426483
2.88 0.0209092640337101
2.91 0.0201039817012156
2.94 0.0193256048026468
2.97 0.0185734962788979
3 0.0178470156719978
3.03 0.017145520886653
3.06 0.016468369804436
3.09 0.0158149217591125
3.12 0.0151845388812668
3.15 0.0145765873200555
3.18 0.0139904383495875
3.21 0.0134254693671055
3.24 0.0128810647898212
3.27 0.0123566168569414
3.3 0.0118515263431173
3.33 0.0113652031892428
3.36 0.0108970670562406
3.39 0.0104465478071845
3.42 0.0100130859228357
3.45 0.00959613285539992
3.48 0.00919515132505583
3.51 0.00880961556355812
3.54 0.0084390115089765
3.57 0.0080828369554044
3.6 0.00774060166124942
3.63 0.00741182741950645
3.66 0.00709604809321214
3.69 0.00679280961908563
3.72 0.00650166998217636
3.75 0.00622219916416313
3.78 0.00595397906778129
3.81 0.00569660341969496
3.84 0.00544967765397977
3.87 0.00521281877823733
3.9 0.00498565522422605
3.93 0.00476782668476335
3.96 0.00455898393853179
3.99 0.00435878866430535
4.02 0.00416691324600272
4.05 0.00398304056987089
4.08 0.00380686381500447
4.11 0.0036380862383143
4.14 0.00347642095497221
4.17 0.00332159071527726
4.2 0.00317332767881191
4.23 0.00303137318668497
4.26 0.00289547753259036
4.29 0.00276539973334742
4.32 0.00264090729952934
4.35 0.0025217760067308
4.38 0.00240778966797382
4.41 0.00229873990770289
4.44 0.00219442593777463
4.47 0.00209465433580586
4.5 0.00199923882620421
4.53 0.00190800006416932
4.56 0.0018207654229187
4.59 0.00173736878436103
4.62 0.00165765033341057
4.65 0.00158145635610944
4.68 0.00150863904169982
4.71 0.00143905628876493
4.74 0.00137257151553691
4.77 0.00130905347444995
4.8 0.00124837607099942
4.83 0.00119041818695133
4.86 0.00113506350793158
4.89 0.00108220035541076
4.92 0.00103172152308787
4.95 0.000983524117665148
4.98 0.000937509403995873
5.01 0.000893582654577937
5.04 0.000851653003357565
5.07 0.000811633303800252
5.1 0.000773439991179309
5.13 0.000736992949026553
5.16 0.00070221537968448
5.19 0.000669033678894707
5.22 0.000637377314353517
5.25 0.000607178708161925
5.28 0.00057837312309476
5.31 0.000550898552610812
5.34 0.0005246956145241
5.37 0.000499707448254632
5.4 0.000475879615575819
5.43 0.000453160004774705
5.46 0.000431498738140595
5.49 0.000410848082697248
5.52 0.000391162364093693
5.55 0.000372397883568868
5.58 0.000354512837905553
5.61 0.000337467242289591
5.64 0.000321222855991039
5.67 0.000305743110784729
5.7 0.000290993042028624
5.73 0.000276939222319451
5.76 0.000263549697646244
5.79 0.000250793925963679
5.82 0.000238642718108438
5.85 0.000227068180983215
5.88 0.000216043662934474
5.91 0.000205543701251537
5.94 0.00019554397171617
5.97 0.000186021240133393
6 0.000176953315775852
6.03 0.000168319006675733
6.06 0.000160098076699808
6.09 0.000152271204344895
6.12 0.000144819943192608
6.15 0.000137726683963973
6.18 0.000130974618116092
6.21 0.000124547702924689
6.24 0.000118430627997978
6.27 0.000112608783168904
6.3 0.000107068227714387
6.33 0.000101795660851783
6.36 9.67783934642653E-05
6.39 9.20043210084221E-05
6.42 8.7461897558782E-05
6.45 8.31401109454933E-05
6.48 7.90284589427924E-05
6.51 7.51169264673074E-05
6.54 7.1395963746621E-05
6.57 6.7856465419852E-05
6.6 6.44897505333343E-05
6.63 6.12875433957485E-05
6.66 5.82419552583098E-05
6.69 5.53454667868318E-05
6.72 5.25909112936699E-05
6.75 4.99714586986999E-05
6.78 4.74806001896045E-05
6.81 4.51121335528313E-05
6.84 4.28601491476399E-05
6.87 4.07190164966808E-05
6.9 3.86833714675429E-05
6.93 3.67481040206702E-05
6.96 3.49083464999818E-05
6.99 3.31594624434326E-05
7.02 3.14970358916265E-05
7.05 2.99168611734433E-05
7.08 2.84149331484558E-05
7.11 2.69874378867058E-05
7.14 2.5630743767174E-05
7.17 2.43413929770149E-05
7.2 2.31160933943431E-05
7.23 2.19517108380416E-05
7.26 2.08452616687338E-05
7.29 1.97939057256918E-05
7.32 1.879493958508E-05
7.35 1.78457901255211E-05
7.38 1.69440083875494E-05
7.41 1.60872637140663E-05
7.44 1.52733381594451E-05
7.47 1.45001211554445E-05
7.5 1.37656044225822E-05
7.53 1.30678771160951E-05
7.56 1.24051211960674E-05
7.59 1.17756070117458E-05
7.62 1.11776890904858E-05
7.65 1.06098021221735E-05
7.68 1.00704571303597E-05
7.71 9.55823782171753E-06
7.74 9.07179710579085E-06
7.77 8.60985377734938E-06
7.8 8.17118935399489E-06
7.83 7.75464506198208E-06
7.86 7.35911896352243E-06
7.89 6.98356321913181E-06
7.92 6.62698147886404E-06
7.95 6.28842639654084E-06
7.98 5.96699726134785E-06
8.01 5.6618377414135E-06
8.04 5.37213373422468E-06
8.07 5.09711131896098E-06
8.1 4.83603480604707E-06
8.13 4.58820487943128E-06
8.16 4.3529568272991E-06
8.19 4.12965885712142E-06
8.22 3.91771049112066E-06
8.25 3.71654103841434E-06
8.28 3.52560814026287E-06
8.31 3.34439638500993E-06
8.34 3.17241598945767E-06
8.37 3.00920154356624E-06
8.4 2.85431081550844E-06
8.43 2.70732361424502E-06
8.46 2.5678407069152E-06
8.49 2.43548278846053E-06
8.52 2.3098895010182E-06
8.55 2.19071850073259E-06
8.58 2.07764456974206E-06
8.61 1.97035877120078E-06
8.64 1.86856764529411E-06
8.67 1.77199244430039E-06
8.7 1.68036840484162E-06
8.73 1.59344405555199E-06
8.76 1.51098055847498E-06
8.79 1.43275108257847E-06
8.82 1.35854020785215E-06
8.85 1.2881433585233E-06
8.88 1.22136626399493E-06
8.91 1.15802444617615E-06
8.94 1.09794273193657E-06
8.97 1.04095478947592E-06
9 9.86902687457378E-07
9.03 9.35636475806751E-07
9.06 8.87013787131685E-07
9.09 8.40899457764414E-07
9.12 7.9716516747853E-07
9.15 7.55689096975372E-07
9.18 7.16355602278357E-07
9.21 6.79054905214539E-07
9.24 6.43682799201703E-07
9.27 6.10140369596461E-07
9.3 5.78333727894314E-07
9.33 5.48173759106505E-07
9.36 5.19575881670718E-07
9.39 4.92459819283414E-07
9.42 4.66749384070998E-07
9.45 4.42372270544884E-07
9.48 4.19259859812194E-07
9.51 3.97347033539262E-07
9.54 3.76571997189258E-07
9.57 3.56876112078354E-07
9.6 3.38203735816829E-07
9.63 3.2050207072243E-07
9.66 3.03721019813297E-07
9.69 2.87813050006738E-07
9.72 2.72733062168273E-07
9.75 2.584382676726E-07
9.78 2.448880711546E-07
9.81 2.32043959144084E-07
9.84 2.19869394292989E-07
9.87 2.08329714917817E-07
9.9 1.97392039593716E-07
9.93 1.8702517654942E-07
9.96 1.77199537624534E-07
9.99 1.67887056562342E-07
10.02 1.59061111422375E-07
10.05 1.50696450907588E-07
10.08 1.42769124411053E-07
10.11 1.3525641559665E-07
10.14 1.28136779337347E-07
10.17 1.2138978184336E-07
10.2 1.14996043820732E-07
10.23 1.08937186508723E-07
10.26 1.03195780451887E-07
10.29 9.77552968698405E-08
10.32 9.26000614944674E-08
10.35 8.77152107507865E-08
10.38 8.30866501637924E-08
10.41 7.87010148794502E-08
10.44 7.45456321935419E-08
10.47 7.06084859873506E-08
10.5 6.6878182974183E-08
10.53 6.33439206655027E-08
10.56 5.99954569699814E-08
10.59 5.68230813430986E-08
10.62 5.38175874090188E-08
10.65 5.09702469803777E-08
10.68 4.82727854053259E-08
10.71 4.57173581746996E-08
10.74 4.32965287255489E-08
10.77 4.10032473804407E-08
10.8 3.88308313649845E-08
10.83 3.67729458489169E-08
10.86 3.48235859588146E-08
10.89 3.29770597131147E-08
10.92 3.12279718325964E-08
10.95 2.95712083818288E-08
10.98 2.80019221993299E-08
11.01 2.65155190763041E-08
11.04 2.51076446458476E-08
11.07 2.37741719464301E-08
11.1 2.25111896252856E-08
11.13 2.13149907490775E-08
11.16 2.0182062190852E-08
11.19 1.91090745638578E-08
11.22 1.80928726742959E-08
11.25 1.71304664664782E-08
11.28 1.62190224352145E-08
11.31 1.53558554815206E-08
11.34 1.45384211889556E-08
11.37 1.37643084990429E-08
11.4 1.30312327653235E-08
11.43 1.23370291666309E-08
11.46 1.16796464611567E-08
11.49 1.105714106382E-08
11.52 1.04676714303365E-08
11.55 9.9094927322321E-09
11.58 9.38095180784501E-09
11.61 8.88048237512499E-09
11.64 8.40660049275862E-09
11.67 7.95790025683881E-09
11.7 7.53304972094765E-09
11.73 7.13078702814105E-09
11.76 6.74991674391235E-09
11.79 6.38930637976922E-09
11.82 6.04788309758919E-09
11.85 5.72463058542171E-09
11.88 5.41858609588227E-09
11.91 5.12883763873808E-09
11.94 4.85452131971492E-09
11.97 4.59481881796316E-09
12 4.34895499500952E-09
12.03 4.11619562838863E-09
12.06 3.89584526349807E-09
12.09 3.6872451775526E-09
12.12 3.48977144982759E-09
12.15 3.30283313268058E-09
12.18 3.12587051812371E-09
12.21 2.95835349498821E-09
12.24 2.79977999197827E-09
12.27 2.64967450215322E-09
12.3 2.50758668460731E-09
12.33 2.3730900393344E-09
12.36 2.24578065147203E-09
12.39 2.12527600131548E-09
12.42 2.01121383667928E-09
12.45 1.90325110436009E-09
12.48 1.8010629376227E-09
12.51 1.70434169679037E-09
12.54 1.61279606017124E-09
12.57 1.52615016269643E-09
12.6 1.44414277978079E-09
12.63 1.36652655404639E-09
12.66 1.29306726267144E-09
12.69 1.22354312324281E-09
12.72 1.15774413610075E-09
12.75 1.09547146126865E-09
12.78 1.0365368281598E-09
12.81 9.80761976346756E-10
12.84 9.27978125768248E-10
12.87 8.78025474833032E-10
12.9 8.30752724959912E-10
12.93 7.86016630169522E-10
12.96 7.43681570415216E-10
12.99 7.03619147408912E-10
13.02 6.65707801762486E-10
13.05 6.2983245032671E-10
13.08 5.95884142668128E-10
13.11 5.63759735679376E-10
13.14 5.33361585370935E-10
13.17 5.04597254941969E-10
13.2 4.77379238274988E-10
13.23 4.51624698043746E-10
13.26 4.27255217666141E-10
13.29 4.04196566374035E-10
13.32 3.82378476709927E-10
13.35 3.61734433796605E-10
13.38 3.42201475759986E-10
13.41 3.23720004717899E-10
13.44 3.06233607778249E-10
13.47 2.89688887519168E-10
13.5 2.74035301451398E-10
13.53 2.59225009989337E-10
13.56 2.45212732481995E-10
13.59 2.3195561087868E-10
13.62 2.19413080626496E-10
13.65 2.07546748417914E-10
13.68 1.96320276426715E-10
13.71 1.85699272689571E-10
13.74 1.75651187308591E-10
13.77 1.66145214167169E-10
13.8 1.57152197867666E-10
13.83 1.48644545614799E-10
13.86 1.4059614378312E-10
13.89 1.32982278920731E-10
13.92 1.25779562954443E-10
13.95 1.1896586237395E-10
13.98 1.12520231184281E-10
14.01 1.06422847426932E-10
14.04 1.00654953080576E-10
14.07 9.51987971622261E-11
14.1 9.00375818591702E-11
14.13 8.51554115309606E-11
14.16 8.05372444292043E-11
14.19 7.61688469909538E-11
14.22 7.20367505690966E-11
14.25 6.81282104703757E-11
14.28 6.44311671784917E-11
14.31 6.0934209646221E-11
14.34 5.76265405466245E-11
14.37 5.44979433792274E-11
14.4 5.15387513325609E-11
14.43 4.87398178096765E-11
14.46 4.60924885281852E-11
14.49 4.35885751110528E-11
14.52 4.1220330088828E-11
14.55 3.89804232381695E-11
14.58 3.68619191855329E-11
14.61 3.48582562086382E-11
14.64 3.29632261719155E-11
14.67 3.11709555355117E-11
14.7 2.9475887380642E-11
14.73 2.78727643971085E-11
14.76 2.63566127816834E-11
14.79 2.49227269987784E-11
14.82 2.35666553573985E-11
14.85 2.22841863608281E-11
14.88 2.10713357878045E-11
14.91 1.99243344661305E-11
14.94 1.88396167017529E-11
14.97 1.78138093282967E-11
15 1.68437213439123E-11
15.03 1.59263341040512E-11
15.06 1.50587920404582E-11
15.09 1.42383938782495E-11
15.12 1.3462584324445E-11
15.15 1.27289462027365E-11
15.18 1.20351930106249E-11
15.21 1.13791618763233E-11
15.24 1.0758806894032E-11
15.27 1.01721928173316E-11
15.3 9.61748909151845E-12
15.33 9.09296420673086E-12
15.36 8.59698035468319E-12
15.39 8.12798837274005E-12
15.42 7.68452295993306E-12
15.45 7.2651981503435E-12
15.48 6.86870303005255E-12
15.51 6.49379768459846E-12
15.54 6.13930936457726E-12
15.57 5.80412885768396E-12
15.6 5.48720705611764E-12
15.63 5.18755170886499E-12
15.66 4.90422434893818E-12
15.69 4.63633738617355E-12
15.72 4.38305135669989E-12
15.75 4.14357232066135E-12
15.78 3.91714940022992E-12
15.81 3.70307245036894E-12
15.84 3.50066985521303E-12
15.87 3.30930644331155E-12
15.9 3.12838151534446E-12
15.93 2.95732697826238E-12
15.96 2.79560558012613E-12
15.99 2.64270924022818E-12
16.02 2.49815746936915E-12
16.05 2.36149587543687E-12
16.08 2.23229474969639E-12
16.11 2.11014772944504E-12
16.14 1.9946705329206E-12
16.17 1.8854997625705E-12
16.2 1.78229177299945E-12
16.23 1.68472160011067E-12
16.26 1.59248194814258E-12
16.29 1.50528223148034E-12
16.32 1.42284766828938E-12
16.35 1.3449184231763E-12
16.38 1.27124879623304E-12
16.41 1.20160645596253E-12
16.44 1.13577171371802E-12
16.47 1.07353683741604E-12
16.5 1.01470540240352E-12
16.53 9.5909167747313E-13
16.56 9.06520044129372E-13
16.59 8.56824447309771E-13
16.62 8.09847875862342E-13
16.65 7.65441871171825E-13
16.68 7.2346606241386E-13
16.71 6.8378772699824E-13
16.74 6.46281374839697E-13
16.77 6.10828355168246E-13
16.8 5.77316484660461E-13
16.83 5.45639695738665E-13
16.86 5.15697703947288E-13
16.89 4.87395693374455E-13
16.92 4.60644019142424E-13
16.95 4.35357926043267E-13
16.98 4.11457282446022E-13
17.01 3.88866328648583E-13
17.04 3.67513438892341E-13
17.07 3.47330896299769E-13
17.1 3.28254680035023E-13
17.13 3.10224264025519E-13
17.16 2.93182426618163E-13
17.19 2.77075070577739E-13
17.22 2.61851052866966E-13
17.25 2.47462023678096E-13
17.28 2.33862274214461E-13
17.31 2.2100859274759E-13
17.34 2.08860128501126E-13
17.37 1.97378262937052E-13
17.4 1.86526488042673E-13
17.43 1.76270291238554E-13
17.46 1.66577046548155E-13
17.49 1.57415911689327E-13
17.52 1.48757730766233E-13
17.55 1.405749422577E-13
17.58 1.32841492014388E-13
17.61 1.25532750992802E-13
17.64 1.1862543746889E-13
17.67 1.1209754348787E-13
17.7 1.05928265320163E-13
17.73 1.00097937705742E-13
17.76 9.458797168103E-14
17.79 8.9380795793605E-14
17.82 8.44598005205809E-14
17.85 7.98092857164547E-14
17.88 7.54144109257053E-14
17.91 7.12611484043461E-14
17.94 6.73362387030756E-14
17.97 6.36271486726822E-14
18 6.01220317599133E-14
18.03 5.68096904691663E-14
18.06 5.36795408721315E-14
18.09 5.07215790539183E-14
18.12 4.79263493902372E-14
18.15 4.5284914555948E-14
18.18 4.27888271706893E-14
18.21 4.04301029924361E-14
18.24 3.82011955746644E-14
18.27 3.60949723073918E-14
18.3 3.41046917666967E-14
18.33 3.22239823014096E-14
18.36 3.04468217895531E-14
18.39 2.87675185007723E-14
18.42 2.71806930044603E-14
18.45 2.56812610665658E-14
18.48 2.42644174811742E-14
18.51 2.29256207858777E-14
18.54 2.1660578812731E-14
18.57 2.04652350292137E-14
18.6 1.93357556260917E-14
18.63 1.82685173114276E-14
18.66 1.72600957722014E-14
18.69 1.63072547671037E-14
18.72 1.54069358160466E-14
18.75 1.45562484538178E-14
18.78 1.37524610170707E-14
18.81 1.29929919355301E-14
18.84 1.22754014998724E-14
18.87 1.15973840802456E-14
18.9 1.09567607708091E-14
18.93 1.0351472437018E-14
18.96 9.77957314364575E-15
18.99 9.23922394273529E-15
19.02 8.72868700180846E-15
19.05 8.24632005373295E-15
19.08 7.79057115066138E-15
19.11 7.35997370541698E-15
19.14 6.95314180460761E-15
19.17 6.56876577860615E-15
19.2 6.20560801434783E-15
19.23 5.86249899766181E-15
19.26 5.53833357257821E-15
19.29 5.23206740573871E-15
19.32 4.94271364468689E-15
19.35 4.6693397594266E-15
19.38 4.41106455721702E-15
19.41 4.16705536112124E-15
19.44 3.93652534334212E-15
19.47 3.7187310048702E-15
19.5 3.5129697934314E-15
19.53 3.31857785215932E-15
19.56 3.13492789183197E-15
19.59 2.96142717990396E-15
19.62 2.79751563993455E-15
19.65 2.64266405536298E-15
19.68 2.49637237191227E-15
19.71 2.35816809321637E-15
19.74 2.22760476456031E-15
19.77 2.10426053990317E-15
19.8 1.98773682761796E-15
19.83 1.87765701063185E-15
19.86 1.77366523688689E-15
19.89 1.67542527626466E-15
19.92 1.58261944032902E-15
19.95 1.49494756144092E-15
19.98 1.41212602798831E-15
20.01 1.33388687265168E-15
20.04 1.25997691079524E-15
20.07 1.19015692623262E-15
20.1 1.12420090176694E-15
20.13 1.06189529204728E-15
20.16 1.00303833641871E-15
20.19 9.47439409569664E-16
20.22 8.94918407901498E-16
20.25 8.45305169658291E-16
20.28 7.98438926962753E-16
20.31 7.54167788005661E-16
20.34 7.12348247732424E-16
20.37 6.72844725461037E-16
20.4 6.35529127951739E-16
20.43 6.00280436529709E-16
20.46 5.66984316938962E-16
20.49 5.35532750678005E-16
20.52 5.05823686636447E-16
20.55 4.7776071191657E-16
20.58 4.51252740785002E-16
20.61 4.26213720757619E-16
20.64 4.02562354875531E-16
20.67 3.80221839281623E-16
20.7 3.59119615256127E-16
20.73 3.39187134915854E-16
20.76 3.20359639825385E-16
20.79 3.02575951809796E-16
20.82 2.85778275297594E-16
20.85 2.69912010559278E-16
20.88 2.54925577241913E-16
20.91 2.40770247633026E-16
20.94 2.2739998911822E-16
20.97 2.14771315326396E-16
21 2.02843145484277E-16
21.03 1.91576671528165E-16
21.06 1.80935232545799E-16
21.09 1.70884196144599E-16
21.12 1.61390846364788E-16
21.15 1.52424277776898E-16
21.18 1.43955295422945E-16
21.21 1.35956320279327E-16
21.24 1.28401299937198E-16
21.27 1.21265624212797E-16
21.3 1.14526045416064E-16
21.33 1.08160603020773E-16
21.36 1.02148552493576E-16
21.39 9.64702980527039E-17
21.42 9.11073291396635E-17
21.45 8.60421603992134E-17
21.48 8.12582749741773E-17
21.51 7.67400709322795E-17
21.54 7.24728106522733E-17
21.57 6.84425730061409E-17
21.6 6.46362081831218E-17
21.63 6.10412950098316E-17
21.66 5.76461006287625E-17
21.69 5.44395424050288E-17
21.72 5.14111519384052E-17
21.75 4.85510410644745E-17
21.78 4.58498697350977E-17
21.81 4.32988156744777E-17
21.84 4.08895457128028E-17
21.87 3.86141887048528E-17
21.9 3.64653099460622E-17
21.93 3.44358870033585E-17
21.96 3.25192868826465E-17
21.99 3.0709244459125E-17
22.02 2.89998421006849E-17
22.05 2.73854904184939E-17
22.08 2.58609100824964E-17
22.11 2.44211146429989E-17
22.14 2.30613943027585E-17
22.17 2.17773005870491E-17
22.2 2.05646318620877E-17
22.23 1.94194196549373E-17
22.26 1.83379157305866E-17
22.29 1.73165798843579E-17
22.32 1.63520684101011E-17
22.35 1.54412232068123E-17
22.38 1.4581061488382E-17
22.41 1.37687660631256E-17
22.44 1.30016761515867E-17
22.47 1.22772787128478E-17
22.5 1.1593200251225E-17
22.53 1.09471990767764E-17
22.56 1.03371579945202E-17
22.59 9.76107739864934E-18
22.62 9.21706874933439E-18
22.65 8.70334841094687E-18
22.68 8.21823183170629E-18
22.71 7.76012804585534E-18
22.74 7.32753448051523E-18
22.77 6.91903205035761E-18
22.8 6.53328052416289E-18
22.83 6.16901414821379E-18
22.86 5.82503751230633E-18
22.89 5.50022164494618E-18
22.92 5.19350032504022E-18
22.95 4.90386659809559E-18
22.98 4.63036948560157E-18
23.01 4.37211087689493E-18
23.04 4.128242593402E-18
23.07 3.89796361570989E-18
23.1 3.68051746444635E-18
23.13 3.47518972644784E-18
23.16 3.28130571816658E-18
23.19 3.09822827871215E-18
23.22 2.92535568534453E-18
23.25 2.76211968463312E-18
23.28 2.60798363287106E-18
23.31 2.46244073968979E-18
23.34 2.32501240915358E-18
23.37 2.19524667293032E-18
23.4 2.07271671043427E-18
23.43 1.95701945111905E-18
23.46 1.84777425436577E-18
23.49 1.74462166266395E-18
23.52 1.64722222402082E-18
23.55 1.55525537975976E-18
23.58 1.4684184140813E-18
23.61 1.38642546196087E-18
23.64 1.30900657214767E-18
23.67 1.23590682220765E-18
23.7 1.16688548272342E-18
23.73 1.10171522792391E-18
23.76 1.04018139016741E-18
23.79 9.82081255844552E-19
23.82 9.2722340040284E-19
23.85 8.75427060321401E-19
23.88 8.26521539985194E-19
23.91 7.80345651521615E-19
23.94 7.36747185769643E-19
23.97 6.95582412653305E-19
24 6.56715609327023E-19
24.03 6.20018614550822E-19
24.06 5.85370407839009E-19
24.09 5.52656712006701E-19
24.12 5.21769617814754E-19
24.15 4.9260722948586E-19
24.18 4.65073329932622E-19
24.21 4.39077064602631E-19
24.24 4.1453264290646E-19
24.27 3.91359056251746E-19
24.3 3.6947981176083E-19
24.33 3.48822680800517E-19
24.36 3.2931946150096E-19
24.39 3.10905754486338E-19
24.42 2.93520751083079E-19
24.45 2.77107033312213E-19
24.48 2.61610385010901E-19
24.51 2.4697961346453E-19
24.54 2.33166380965127E-19
24.57 2.20125045744303E-19
24.6 2.07812511759531E-19
24.63 1.96188086841533E-19
24.66 1.8521334873791E-19
24.69 1.74852018613908E-19
24.72 1.65069841595649E-19
24.75 1.55834473964191E-19
24.78 1.4711537663049E-19
24.81 1.3888371454195E-19
24.84 1.31112261690606E-19
24.87 1.23775311411347E-19
24.9 1.16848591675873E-19
24.93 1.10309185104475E-19
24.96 1.04135453433125E-19
24.99 9.83069661879865E-20
25.02 9.28044333332139E-20
25.05 8.76096416709462E-20
25.08 8.27053947846591E-20
25.11 7.80754563286748E-20
25.14 7.37044964775887E-20
25.17 6.95780413597111E-20
25.2 6.56824253084211E-20
25.23 6.20047457745614E-20
25.26 5.85328207517169E-20
25.29 5.52551485744715E-20
25.32 5.21608699575176E-20
25.35 4.92397321508304E-20
25.38 4.64820550930748E-20
25.41 4.38786994519616E-20
25.44 4.14210364464563E-20
25.47 3.91009193515977E-20
25.5 3.6910656592205E-20
25.53 3.48429863369607E-20
25.56 3.28910525092876E-20
25.59 3.10483821360916E-20
25.62 2.93088639598258E-20
25.65 2.76667282434896E-20
25.68 2.61165277020904E-20
25.71 2.46531194977937E-20
25.74 2.32716482394856E-20
25.77 2.19675299307707E-20
25.8 2.07364368135424E-20
25.83 1.95742830572099E-20
25.86 1.84772112464419E-20
25.89 1.74415796229153E-20
25.92 1.6463950039034E-20
25.95 1.55410765839222E-20
25.98 1.46698948442144E-20
26.01 1.38475117642421E-20
26.04 1.30711960721966E-20
26.07 1.2338369240707E-20
26.1 1.16465969520279E-20
26.13 1.09935810396965E-20
26.16 1.03771518800831E-20
26.19 9.79526120874103E-21
26.22 9.24597533786111E-21
26.25 8.72746875245497E-21
26.28 8.23801806413885E-21
26.31 7.77599630256744E-21
26.34 7.33986752567961E-21
26.37 6.92818173096633E-21
26.4 6.53957005096441E-21
26.43 6.17274021711577E-21
26.46 5.82647227701491E-21
26.49 5.49961455090365E-21
26.52 5.19107981406053E-21
26.55 4.89984169247564E-21
26.58 4.62493125990619E-21
26.61 4.36543382507108E-21
26.64 4.12048589837033E-21
26.67 3.88927232810641E-21
26.7 3.67102359674425E-21
26.73 3.46501326827457E-21
26.76 3.27055557824276E-21
26.79 3.08700315847728E-21
26.82 2.91374488899556E-21
26.85 2.75020386998459E-21
26.88 2.59583550715046E-21
26.91 2.45012570410496E-21
26.94 2.31258915581033E-21
26.97 2.18276773743744E-21
27 2.06022898330751E-21
27.03 1.94456465088477E-21
27.06 1.83538936506845E-21
27.09 1.73233933829805E-21
27.12 1.63507116223554E-21
27.15 1.54326066702527E-21
27.18 1.45660184435547E-21
27.21 1.37480583075573E-21
27.24 1.29759994776429E-21
27.27 1.2247267957869E-21
27.3 1.15594339864614E-21
27.33 1.09102039598809E-21
27.36 1.02974128087119E-21
27.39 9.71901680011692E-22
27.42 9.17308674300983E-22
27.45 8.65780157343406E-22
27.48 8.17144229888978E-22
27.51 7.71238628153953E-22
27.54 7.27910184134478E-22
27.57 6.8701431612443E-22
27.6 6.48414547748319E-22
27.63 6.1198205391467E-22
27.66 5.77595232184375E-22
27.69 5.45139298132511E-22
27.72 5.14505903361689E-22
27.75 4.85592774899965E-22
27.78 4.58303374787065E-22
27.81 4.3254657871962E-22
27.84 4.08236372689248E-22
27.87 3.85291566606785E-22
27.9 3.63635523962378E-22
27.93 3.43195906624215E-22
27.96 3.23904433928811E-22
27.99 3.0569665526314E-22
28.02 2.88511735383668E-22
28.05 2.72292251759438E-22
28.08 2.56984003266335E-22
28.11 2.42535829597208E-22
28.14 2.28899440788106E-22
28.17 2.16029256294365E-22
28.2 2.03882253082008E-22
28.23 1.92417822229811E-22
28.26 1.81597633565563E-22
28.29 1.71385507886755E-22
28.32 1.61747296341085E-22
28.35 1.52650766565884E-22
28.38 1.44065495208025E-22
28.41 1.35962766467062E-22
28.44 1.28315476324283E-22
28.47 1.21098042139295E-22
28.5 1.14286317313532E-22
28.53 1.07857510736913E-22
28.56 1.01790110749759E-22
28.59 9.60638133670739E-23
28.62 9.06594545264221E-23
28.65 8.555894613404E-23
28.68 8.07452156964007E-23
28.71 7.62021493363693E-23
28.74 7.19145380043352E-23
28.77 6.7868026705324E-23
28.8 6.40490665730986E-23
28.83 6.04448696317333E-23
28.86 5.70433660940756E-23
28.89 5.38331640549289E-23
28.92 5.08035114447658E-23
28.95 4.79442601172824E-23
28.98 4.52458319512111E-23
29.01 4.26991868534924E-23
29.04 4.02957925572389E-23
29.07 3.80275961138936E-23
29.1 3.58869969846088E-23
29.13 3.3866821641203E-23
29.16 3.19602995920704E-23
29.19 3.01610407531537E-23
29.22 2.84630140885722E-23
29.25 2.68605274497214E-23
29.28 2.53482085456431E-23
29.31 2.39209869812347E-23
29.34 2.25740773034211E-23
29.37 2.13029629987637E-23
29.4 2.01033813891501E-23
29.43 1.89713093752019E-23
29.46 1.79029499798528E-23
29.49 1.68947196472199E-23
29.52 1.59432362544065E-23
29.55 1.50453077962424E-23
29.58 1.41979217052171E-23
29.61 1.33982347709746E-23
29.64 1.26435636257309E-23
29.67 1.19313757638699E-23
29.7 1.12592810657442E-23
29.73 1.06250237973961E-23
29.76 1.00264750594905E-23
29.79 9.46162566025827E-24
29.82 8.92857938865559E-24
29.85 8.42554666528044E-24
29.88 7.95083854984791E-24
29.91 7.50286108521434E-24
29.94 7.08010995906108E-24
29.97 6.68116546540993E-24


"1'th-eigenfunction (numerical)"
0.2 0.00266889726514182
0.4 0.00692101979329044
0.6 0.00978013282772614
0.8 0.0104857097550171
1 0.00935004229614012
1.2 0.0070903595049808
1.4 0.0044826458475733
1.6 0.00216600797690706
1.8 0.000588889879453046
2 1.32415558287609E-06
2.2 0.00048361033978482
2.4 0.00198562604979993
2.6 0.00436740617757301
2.8 0.00743770799166091
3 0.0109817513059773
3.2 0.0147857605695625
3.4 0.0186517125029907
3.6 0.0224066336247988
3.8 0.025914185874041
4 0.0290642576062848
4.2 0.0317825754456029
4.4 0.0340230405573006
4.6 0.0357673441970092
4.8 0.0370102864338548
5 0.0377748870819281
5.2 0.0380898326554414
5.4 0.0379920461084072
5.6 0.0375257714493928
5.8 0.0367457478274477
6 0.0356943703957048
6.2 0.0344230822068311
6.4 0.0329744919220181
6.6 0.0313972060191076
6.8 0.0297254551955464
7 0.0279982226645524
7.2 0.0262432988211693
7.4 0.0244891671367863
7.6 0.0227553108874845
7.8 0.0210601601379274
8 0.0194193582687542
8.2 0.0178439274258527
8.4 0.0163427203778774
8.6 0.0149206870837794
8.8 0.0135831089117439
9 0.0123305146337716
9.2 0.0111658203775653
9.4 0.01008550259264
9.6 0.00908842939481356
9.8 0.00817115629531723
10 0.00732983157095158
10.2 0.00656215820958346
10.4 0.00586342558773318
10.6 0.00522933609626608
10.8 0.0046548680253464
11 0.00413677695065236
11.2 0.00367023002667817
11.4 0.00325116862597987
11.6 0.00287566058012491
11.8 0.00253984769640148
12 0.00224050582545812
12.2 0.0019735390589538
12.4 0.00173576627325858
12.6 0.0015248132745767
12.8 0.00133794475845241
13 0.00117265527722808
13.2 0.00102652960286201
13.4 0.000897711472510722
13.6 0.000784152509758758
13.8 0.000684254191225813
14 0.00059663162206351
14.2 0.000519722302687983
14.4 0.000452339862840575
14.6 0.000393144689000079
14.8 0.000341314040128297
15 0.000296175862892901
15.2 0.000256845302789831
15.4 0.000222697228126289
15.6 0.00019277048400789
15.8 0.000166787385069262
16 0.000144105672817127
16.2 0.000124530770804266
16.4 0.000107402987630691
16.6 9.26633630626913E-05
16.8 7.98730272023367E-05
17 6.8795652330883E-05
17.2 5.91861271231815E-05
17.4 5.09690591109617E-05
17.6 4.38580786774738E-05
17.8 3.76982265815439E-05
18 3.23758132537326E-05
18.2 2.77627023639174E-05
18.4 2.37799026282876E-05
18.6 2.03670662023736E-05
18.8 1.7461309396095E-05
19 1.49763048596647E-05
19.2 1.28287840289483E-05
19.4 1.09806105160291E-05
19.6 9.38926678479859E-06
19.8 8.04655852089964E-06
20 6.86884822230512E-06
20.2 5.85806926391523E-06
20.4 4.98436045500111E-06
20.6 4.26392636312439E-06
20.8 3.63592803280065E-06
21 3.09992759388506E-06
21.2 2.64227972672695E-06
21.4 2.2586557004233E-06
21.6 1.9189348587968E-06
21.8 1.62513483591384E-06
22 1.38216617104278E-06
22.2 1.17547618116678E-06
22.4 9.957366931492E-07
22.6 8.46023044781606E-07
22.8 7.21009032925367E-07
23 6.12450633611444E-07
23.2 5.17942463988223E-07
23.4 4.35353689486734E-07
23.6 3.6788361823517E-07
23.8 3.09507182969332E-07
24 2.61952118114086E-07
24.2 2.21038214237625E-07
24.4 1.90515148929788E-07
24.6 1.59441635249074E-07
24.8 1.33639536578602E-07
25 1.10973629492655E-07
25.2 9.36403610753749E-08
25.4 7.68251593870777E-08
25.6 6.50064512226561E-08
25.8 5.36887718770759E-08
26 4.58224216325282E-08
26.2 3.79773826004897E-08
26.4 3.29426396605951E-08
26.6 2.72236263930584E-08
26.8 2.19817439131913E-08
27 1.72188452604665E-08
27.2 1.37192529290482E-08
27.4 1.19413596838636E-08
27.6 1.02454566145705E-08
27.8 8.84330492386535E-09
28 6.85638104467218E-09
28.2 5.49328993744186E-09
28.4 4.15799873491556E-09
28.6 3.14116685847302E-09
28.8 2.32171842464988E-09
29 1.64022838061722E-09
29.2 1.06219166231422E-09
29.4 6.64045235291261E-10
29.6 5.01764197566527E-10
29.8 2.9668196287307E-10
30 8.62901585537098E-11


"1'th-eigenfunction (analytical)"
0 0
0.03 8.47395466008391E-05
0.06 0.000318998249873791
0.09 0.000675157752290063
0.12 0.00112850337295192
0.15 0.00165699734023955
0.18 0.00224106672910574
0.21 0.00286340526322067
0.24 0.00350878818591325
0.27 0.0041638994454749
0.3 0.00481717047998287
0.33 0.00545862992445819
0.36 0.00607976359898609
0.39 0.0066733841704804
0.42 0.00723350991314961
0.45 0.0077552520234985
0.48 0.00823470997495051
0.51 0.00866887442497353
0.54 0.00905553721400329
0.57 0.00939320802054906
0.6 0.00968103726069862
0.63 0.00991874484287194
0.66 0.0101065544101628
0.69 0.010245132723009
0.72 0.010335533854296
0.75 0.0103791478873758
0.78 0.010377653824918
0.81 0.0103329764330532
0.84 0.0102472467609536
0.87 0.0101227660908762
0.9 0.00996197308779403
0.93 0.00976741393111364
0.96 0.00954171522364449
0.99 0.0092875594849902
1.02 0.00900766304790326
1.05 0.00870475618691329
1.08 0.00838156531873535
1.11 0.00804079712361651
1.14 0.00768512444591314
1.17 0.00731717384083386
1.2 0.00693951464245714
1.23 0.00655464943586331
1.26 0.00616500582352847
1.29 0.00577292938303502
1.32 0.00538067771967964
1.35 0.00499041552372414
1.38 0.00460421054785567
1.41 0.00422403042591802
1.44 0.00385174025916146
1.47 0.00348910090115109
1.5 0.00313776787708729
1.53 0.00279929087764168
1.56 0.00247511377151103
1.59 0.00216657508475368
1.62 0.00187490889860889
1.65 0.00160124612092376
1.68 0.00134661608953249
1.71 0.00111194846896311
1.74 0.000898075404694553
1.77 0.000705733901864013
1.8 0.000535568397837941
1.83 0.000388133500420845
1.86 0.000263896865690351
1.89 0.000163242191524181
1.92 8.64723048315718E-05
1.95 3.38123223254824E-05
1.98 5.41286637953625E-06
2.01 1.35331911132354E-06
2.04 2.16450993276663E-05
2.07 6.623494836342E-05
2.1 0.000135008212148913
2.13 0.000227792108057376
2.16 0.000344358966217719
2.19 0.000484429436034322
2.22 0.000647675649638835
2.25 0.000833724334913185
2.28 0.0010421598715725
2.31 0.00127252728458494
2.34 0.00152433516993622
2.37 0.00179705854842337
2.4 0.00209014164378806
2.43 0.0024030005820781
2.46 0.00273502600965862
2.49 0.00308558562778577
2.52 0.00345402664210708
2.55 0.00383967812586702
2.58 0.00424185329597619
2.61 0.00465985170144931
2.64 0.00509296132403392
2.67 0.00554046059113999
2.7 0.0060016203014415
2.73 0.00647570546375819
2.76 0.0069619770500384
2.79 0.00745969366345583
2.82 0.00796811312280395
2.85 0.00848649396452488
2.88 0.00901409686384385
2.91 0.00955018597659969
2.94 0.0100940302034648
2.97 0.0106449043783378
3 0.0112020903827694
3.03 0.0117648781883444
3.06 0.0123325668289993
3.09 0.0129044653052949
3.12 0.0134798934226997
3.15 0.0140581825659632
3.18 0.0146386764116763
3.21 0.0152207315811249
3.24 0.0158037182355469
3.27 0.0163870206158985
3.3 0.016970037529229
3.33 0.0175521827837474
3.36 0.0181328855746477
3.39 0.0187115908227374
3.42 0.0192877594678861
3.45 0.0198608687192844
3.48 0.0204304122644695
3.51 0.0209959004390383
3.54 0.0215568603589347
3.57 0.0221128360171558
3.6 0.0226633883466823
3.63 0.0232080952513964
3.66 0.0237465516067062
3.69 0.024278369231552
3.72 0.0248031768334247
3.75 0.0253206199279786
3.78 0.0258303607347788
3.81 0.026332078050672
3.84 0.0268254671022255
3.87 0.0273102393786326
3.9 0.0277861224464343
3.93 0.0282528597473613
3.96 0.0287102103805554
3.99 0.0291579488703814
4.02 0.029595864920997
4.05 0.0300237631588022
4.08 0.0304414628638475
4.11 0.0308487976912331
4.14 0.0312456153834939
4.17 0.0316317774749167
4.2 0.0320071589887004
4.23 0.0323716481278277
4.26 0.0327251459604747
4.29 0.0330675661007514
4.32 0.033398834385524
4.35 0.0337188885480359
4.38 0.034027677889007
4.41 0.0343251629458575
4.44 0.0346113151606667
4.47 0.0348861165474476
4.5 0.0351495593592823
4.53 0.035401645755836
4.56 0.0356423874717351
4.59 0.0358718054862665
4.62 0.0360899296948288
4.65 0.0362967985825365
4.68 0.036492458900354
4.71 0.036676965344111
4.74 0.0368503802367257
4.77 0.0370127732139398
4.8 0.0371642209138466
4.83 0.0373048066704713
4.86 0.0374346202116432
4.89 0.0375537573613789
4.92 0.0376623197469755
4.95 0.0377604145109969
4.98 0.037848154028317
5.01 0.0379256556283672
5.04 0.037993041322721
5.07 0.0380504375381301
5.1 0.0380979748551171
5.13 0.0381357877522098
5.16 0.0381640143558945
5.19 0.03818279619635
5.22 0.0381922779690121
5.25 0.0381926073020107
5.28 0.0381839345295043
5.31 0.0381664124709353
5.34 0.0381401962162106
5.37 0.0381054429168116
5.4 0.0380623115828232
5.43 0.0380109628858653
5.46 0.0379515589679053
5.49 0.0378842632559175
5.52 0.037809240282356
5.55 0.0377266555113935
5.58 0.0376366751708808
5.61 0.037539466089969
5.64 0.0374351955423375
5.67 0.0373240310949622
5.7 0.0372061404623569
5.73 0.0370816913662144
5.76 0.0369508514003724
5.79 0.0368137879010259
5.82 0.0366706678221023
5.85 0.0365216576157171
5.88 0.0363669231176207
5.91 0.0362066294375492
5.94 0.0360409408543874
5.97 0.0358700207160512
6 0.0356940313439956
6.03 0.0355131339422527
6.06 0.0353274885109041
6.09 0.0351372537638891
6.12 0.0349425870510524
6.15 0.0347436442843321
6.18 0.0345405798679897
6.21 0.0343335466327829
6.24 0.0341226957739828
6.27 0.0339081767931368
6.3 0.0336901374434782
6.33 0.0334687236788849
6.36 0.0332440796062897
6.39 0.033016347441444
6.42 0.0327856674679401
6.45 0.0325521779993953
6.48 0.0323160153447034
6.51 0.0320773137762597
6.54 0.0318362055010667
6.57 0.0315928206346288
6.6 0.0313472871775451
6.63 0.0310997309947109
6.66 0.0308502757970401
6.69 0.0305990431256206
6.72 0.0303461523382187
6.75 0.0300917205980461
6.78 0.0298358628647092
6.81 0.0295786918872566
6.84 0.0293203181992476
6.87 0.0290608501157611
6.9 0.028800393732269
6.93 0.028539052925299
6.96 0.0282769293548117
6.99 0.0280141224682209
7.02 0.0277507295059862
7.05 0.0274868455087077
7.08 0.0272225633256564
7.11 0.0269579736246736
7.14 0.0266931649033753
7.17 0.0264282235015975
7.2 0.026163233615023
7.23 0.0258982773099282
7.26 0.0256334345389921
7.29 0.0253687831581114
7.32 0.0251043989441659
7.35 0.0248403556136807
7.38 0.0245767248423328
7.41 0.0243135762852521
7.44 0.0240509775980668
7.47 0.0237889944586458
7.5 0.0235276905894918
7.53 0.0232671277807404
7.56 0.0230073659137205
7.59 0.0227484629850361
7.62 0.0224904751311267
7.65 0.022233456653267
7.68 0.0219774600429696
7.71 0.0217225360077518
7.74 0.0214687334972315
7.77 0.0212160997295192
7.8 0.0209646802178705
7.83 0.0207145187975698
7.86 0.0204656576530124
7.89 0.0202181373449573
7.92 0.0199719968379201
7.95 0.0197272735276806
7.98 0.0194840032688781
8.01 0.0192422204026688
8.04 0.0190019577844216
8.07 0.0187632468114292
8.1 0.018526117450612
8.13 0.0182905982661938
8.16 0.0180567164473292
8.19 0.0178244978356622
8.22 0.0175939669527998
8.25 0.0173651470276804
8.28 0.017138060023822
8.31 0.0169127266664336
8.34 0.0166891664693748
8.37 0.016467397761949
8.4 0.016247437715517
8.43 0.0160293023699173
8.46 0.0158130066596828
8.49 0.0155985644400394
8.52 0.0153859885126787
8.55 0.0151752906512929
8.58 0.0149664816268629
8.61 0.0147595712326904
8.64 0.0145545683091661
8.67 0.0143514807682659
8.7 0.0141503156177682
8.73 0.0139510789851846
8.76 0.0137537761414001
8.79 0.0135584115240141
8.82 0.01336498876038
8.85 0.0131735106903359
8.88 0.0129839793886249
8.91 0.0127963961869987
8.94 0.0126107616960024
8.97 0.0124270758264377
9 0.0122453378105008
9.03 0.0120655462225931
9.06 0.0118876989998037
9.09 0.0117117934620608
9.12 0.0115378263319512
9.15 0.0113657937542075
9.18 0.0111956913148617
9.21 0.0110275140600647
9.24 0.0108612565145727
9.27 0.0106969126998992
9.3 0.010534476152134
9.33 0.0103739399394301
9.36 0.0102152966791578
9.39 0.0100585385547296
9.42 0.00990365733209467
9.45 0.00975064437590608
9.48 0.00959949066536204
9.51 0.00945018680972268
9.54 0.00930272306350487
9.57 0.0091570893413569
9.6 0.0090132752326158
9.63 0.00887127001554925
9.66 0.00873106267128515
9.69 0.0085926418974314
9.72 0.00845599612138869
9.75 0.00832111351335938
9.78 0.0081879819990556
9.81 0.0080565892721094
9.84 0.00792692280618875
9.87 0.00779896986682205
9.9 0.00767271752293523
9.93 0.00754815265810447
9.96 0.00742526198152812
9.99 0.0073040320387217
10.02 0.00718444922193934
10.05 0.00706649978032546
10.08 0.00695016982980041
10.11 0.006835445362684
10.14 0.0067223122570604
10.17 0.00661075628588859
10.2 0.00650076312586209
10.23 0.00639231836602171
10.26 0.00628540751612551
10.29 0.00618001601477959
10.32 0.00607612923733387
10.35 0.00597373250354661
10.38 0.00587281108502168
10.41 0.0057733502124225
10.44 0.00567533508246658
10.47 0.00557875086470451
10.5 0.00548358270808738
10.53 0.00538981574732656
10.56 0.00529743510904952
10.59 0.0052064259177558
10.62 0.00511677330157685
10.65 0.0050284623978435
10.68 0.00494147835846506
10.71 0.00485580635512352
10.74 0.00477143158428694
10.77 0.0046883392720455
10.8 0.00460651467877393
10.83 0.00452594310362416
10.86 0.00444660988885155
10.89 0.00436850042397847
10.92 0.00429160014979873
10.95 0.0042158945622264
10.98 0.00414136921599239
11.01 0.00406800972819249
11.04 0.00399580178168989
11.07 0.00392473112837595
11.1 0.00385478359229224
11.13 0.00378594507261725
11.16 0.00371820154652102
11.19 0.00365153907189087
11.22 0.0035859437899313
11.25 0.00352140192764137
11.28 0.00345789980017234
11.31 0.00339542381306886
11.34 0.00333396046439654
11.37 0.00327349634675883
11.4 0.00321401814920615
11.43 0.00315551265904008
11.46 0.00309796676351542
11.49 0.00304136745144282
11.52 0.00298570181469477
11.55 0.00293095704961752
11.58 0.00287712045835162
11.61 0.00282417945006359
11.64 0.00277212154209124
11.67 0.00272093436100516
11.7 0.00267060564358884
11.73 0.00262112323773968
11.76 0.00257247510329337
11.79 0.00252464931277383
11.82 0.00247763405207109
11.85 0.00243141762104919
11.88 0.00238598843408636
11.91 0.00234133502054956
11.94 0.00229744602520546
11.97 0.00225431020856996
12 0.00221191644719816
12.03 0.00217025373391678
12.06 0.00212931117800102
12.09 0.00208907800529754
12.12 0.0020495435582956
12.15 0.00201069729614807
12.18 0.00197252879464399
12.21 0.00193502774613457
12.24 0.00189818395941415
12.27 0.0018619873595578
12.3 0.00182642798771723
12.33 0.00179149600087651
12.36 0.00175718167156911
12.39 0.00172347538755784
12.42 0.00169036765147903
12.45 0.00165784908045251
12.48 0.00162591040565865
12.51 0.00159454247188383
12.54 0.00156373623703582
12.57 0.0015334827716301
12.6 0.00150377325824857
12.63 0.00147459899097182
12.66 0.0014459513747861
12.69 0.00141782192496623
12.72 0.00139020226643548
12.75 0.00136308413310367
12.78 0.00133645936718439
12.81 0.00131031991849251
12.84 0.0012846578437229
12.87 0.00125946530571146
12.9 0.00123473457267926
12.93 0.00121045801746089
12.96 0.00118662811671782
12.99 0.00116323745013761
13.02 0.00114027869962005
13.05 0.00111774464845068
13.08 0.0010956281804629
13.11 0.00107392227918917
13.14 0.00105262002700218
13.17 0.00103171460424668
13.2 0.00101119928836268
13.23 0.00099106745300082
13.26 0.000971312567130351
13.29 0.000951928194140628
13.32 0.000932907990936555
13.35 0.000914245707028695
13.38 0.000895935183618573
13.41 0.000877970352679779
13.44 0.000860345236035405
13.47 0.000843053944432326
13.5 0.000826090676612882
13.53 0.000809449718384423
13.56 0.000793125441687191
13.59 0.000777112303661035
13.62 0.000761404845711364
13.65 0.00074599769257479
13.68 0.000730885551384874
13.71 0.000716063210738349
13.74 0.000701525539762241
13.77 0.000687267487182226
13.8 0.000673284080392584
13.83 0.0006595704245281
13.86 0.000646121701538232
13.89 0.000632933169263851
13.92 0.000620000160516877
13.95 0.000607318082163075
13.98 0.000594882414208303
14.01 0.000582688708888467
14.04 0.00057073258976345
14.07 0.000559009750815235
14.1 0.00054751595555048
14.13 0.000536247036107734
14.16 0.000525198892369539
14.19 0.000514367491079588
14.22 0.000503748864965145
14.25 0.000493339111864907
14.28 0.000483134393862476
14.31 0.000473130936425598
14.34 0.000463325027551342
14.37 0.000453713016917347
14.4 0.000444291315039273
14.43 0.000435056392434606
14.46 0.000426004778792913
14.49 0.00041713306215268
14.52 0.000408437888084836
14.55 0.000399915958883052
14.58 0.000391564032760922
14.61 0.000383378923056114
14.64 0.000375357497441551
14.67 0.000367496677143718
14.7 0.000359793436168162
14.73 0.000352244800532223
14.76 0.000344847847505083
14.79 0.000337599704855171
14.82 0.000330497550104964
14.85 0.000323538609793235
14.88 0.000316720158744782
14.91 0.000310039519347662
14.94 0.000303494060837973
14.97 0.000297081198592183
15 0.000290798393427048
15.03 0.00028464315090712
15.06 0.00027861302065985
15.09 0.000272705595698315
15.12 0.000266918511751542
15.15 0.00026124944660245
15.18 0.000255696119433398
15.21 0.000250256290179339
15.24 0.000244927758888544
15.27 0.000239708365090927
15.3 0.000234595987173909
15.33 0.00022958854176583
15.36 0.000224683983126882
15.39 0.000219880302547528
15.42 0.000215175527754396
15.45 0.000210567722323607
15.48 0.000206054985101512
15.51 0.000201635449632797
15.54 0.000197307283595938
15.57 0.000193068688245942
15.6 0.000188917897864362
15.63 0.000184853179216526
15.66 0.000180872831015948
15.69 0.000176975183395869
15.72 0.00017315859738789
15.75 0.000169421464407646
15.78 0.000165762205747473
15.81 0.000162179272076018
15.84 0.000158671142944737
15.87 0.000155236326301249
15.9 0.000151873358009457
15.93 0.000148580801376418
15.96 0.000145357246685886
15.99 0.00014220131073848
16.02 0.000139111636398417
16.05 0.000136086892146751
16.08 0.000133125771641075
16.11 0.000130226993281597
16.14 0.000127389299783566
16.17 0.000124611457755967
16.2 0.000121892257286416
16.23 0.000119230511532233
16.26 0.00011662505631758
16.29 0.000114074749736645
16.32 0.000111578471762793
16.35 0.000109135123863612
16.38 0.000106743628621817
16.41 0.000104402929361929
16.44 0.000102111989782667
16.47 9.98697935950071E-05
16.5 9.76753441658268E-05
16.53 9.55276641670823E-05
16.56 9.34257952304539E-05
16.59 9.13687976073929E-05
16.62 8.93557498345146E-05
16.65 8.73857484042664E-05
16.68 8.54579074408128E-05
16.71 8.35713583810764E-05
16.74 8.17252496608665E-05
16.77 7.99187464060386E-05
16.8 7.8151030128621E-05
16.83 7.64212984278448E-05
16.86 7.47287646960175E-05
16.89 7.30726578291797E-05
16.92 7.14522219424811E-05
16.95 6.98667160902154E-05
16.98 6.83154139904574E-05
17.01 6.67976037542366E-05
17.04 6.53125876191899E-05
17.07 6.38596816876352E-05
17.1 6.24382156690048E-05
17.13 6.10475326265787E-05
17.16 5.96869887284639E-05
17.19 5.83559530027558E-05
17.22 5.70538070968282E-05
17.25 5.57799450406944E-05
17.28 5.45337730143795E-05
17.31 5.33147091192513E-05
17.34 5.21221831532515E-05
17.37 5.09556363899736E-05
17.4 4.98145213615299E-05
17.43 4.86983016451558E-05
17.46 4.76064516534963E-05
17.49 4.65384564285206E-05
17.52 4.54938114390116E-05
17.55 4.44720223815805E-05
17.58 4.347260498515E-05
17.61 4.24950848188578E-05
17.64 4.1538997103329E-05
17.67 4.06038865252652E-05
17.7 3.96893070553011E-05
17.73 3.87948217690811E-05
17.76 3.79200026715032E-05
17.79 3.7064430524084E-05
17.82 3.62276946753971E-05
17.85 3.54093928945366E-05
17.88 3.46091312075582E-05
17.91 3.38265237368537E-05
17.94 3.30611925434105E-05
17.97 3.23127674719123E-05
18 3.15808859986361E-05
18.03 3.08651930821009E-05
18.06 3.01653410164238E-05
18.09 2.94809892873415E-05
18.12 2.8811804430854E-05
18.15 2.81574598944474E-05
18.18 2.75176359008556E-05
18.21 2.68920193143187E-05
18.24 2.62803035092982E-05
18.27 2.56821882416082E-05
18.3 2.50973795219233E-05
18.33 2.45255894916249E-05
18.36 2.39665363009452E-05
18.39 2.34199439893735E-05
18.42 2.28855423682857E-05
18.45 2.23630669057591E-05
18.48 2.18522586135388E-05
18.51 2.13528639361163E-05
18.54 2.08646346418869E-05
18.57 2.03873277163504E-05
18.6 1.99207052573196E-05
18.63 1.94645343721039E-05
18.66 1.90185870766327E-05
18.69 1.85826401964874E-05
18.72 1.81564752698069E-05
18.75 1.77398784520371E-05
18.78 1.733264042249E-05
18.81 1.69345562926827E-05
18.84 1.65454255164256E-05
18.87 1.61650518016275E-05
18.9 1.57932430237905E-05
18.93 1.54298111411624E-05
18.96 1.50745721115194E-05
18.99 1.47273458105493E-05
19.02 1.43879559518084E-05
19.05 1.4056230008222E-05
19.08 1.3731999135104E-05
19.11 1.34150980946662E-05
19.14 1.31053651819917E-05
19.17 1.28026421524472E-05
19.2 1.25067741505063E-05
19.23 1.22176096399609E-05
19.26 1.19350003354937E-05
19.29 1.16588011355887E-05
19.32 1.1388870056755E-05
19.35 1.11250681690397E-05
19.38 1.08672595328069E-05
19.41 1.06153111367608E-05
19.44 1.0369092837188E-05
19.47 1.01284772983981E-05
19.5 9.89333993434173E-06
19.53 9.6635588513814E-06
19.56 9.43901479219711E-06
19.59 9.21959108080394E-06
19.62 9.00517356866155E-06
19.65 8.79565058185564E-06
19.68 8.59091286933109E-06
19.71 8.39085355215769E-06
19.74 8.19536807380881E-06
19.77 8.00435415143429E-06
19.8 7.81771172810914E-06
19.83 7.6353429260395E-06
19.86 7.4571520007079E-06
19.89 7.28304529594058E-06
19.92 7.11293119987889E-06
19.95 6.94672010183814E-06
19.98 6.78432435003708E-06
20.01 6.62565821018131E-06
20.04 6.47063782488451E-06
20.07 6.31918117391185E-06
20.1 6.17120803522936E-06
20.13 6.02663994684436E-06
20.16 5.88540016942172E-06
20.19 5.7474136496609E-06
20.22 5.61260698441937E-06
20.25 5.48090838556816E-06
20.28 5.3522476455651E-06
20.31 5.2265561037323E-06
20.34 5.10376661322404E-06
20.37 4.98381350867182E-06
20.4 4.86663257449339E-06
20.43 4.75216101385288E-06
20.46 4.64033741825949E-06
20.49 4.53110173779219E-06
20.52 4.42439525193813E-06
20.55 4.32016054103316E-06
20.58 4.2183414582922E-06
20.61 4.11888310241823E-06
20.64 4.02173179077851E-06
20.67 3.92683503313674E-06
20.7 3.83414150593031E-06
20.73 3.74360102708205E-06
20.76 3.65516453133559E-06
20.79 3.5687840461043E-06
20.82 3.48441266782352E-06
20.85 3.40200453879606E-06
20.88 3.32151482452121E-06
20.91 3.24289969149778E-06
20.94 3.16611628549149E-06
20.97 3.09112271025766E-06
21 3.01787800671001E-06
21.03 2.94634213252669E-06
21.06 2.87647594218478E-06
21.09 2.80824116741465E-06
21.12 2.74160039806584E-06
21.15 2.67651706337602E-06
21.18 2.61295541363511E-06
21.21 2.55088050223652E-06
21.24 2.4902581681076E-06
21.27 2.43105501851183E-06
21.3 2.37323841221511E-06
21.33 2.31677644300875E-06
21.36 2.26163792358201E-06
21.39 2.2077923697371E-06
21.42 2.1552099849396E-06
21.45 2.10386164519743E-06
21.48 2.05371888426194E-06
21.51 2.00475387914419E-06
21.54 1.95693943594023E-06
21.57 1.91024897595899E-06
21.6 1.86465652214656E-06
21.63 1.82013668580076E-06
21.66 1.7766646535702E-06
21.69 1.73421617473174E-06
21.72 1.69276754874078E-06
21.75 1.65229561304883E-06
21.78 1.61277773118257E-06
21.81 1.57419178107937E-06
21.84 1.53651614367361E-06
21.87 1.49972969172892E-06
21.9 1.46381177891101E-06
21.93 1.42874222909625E-06
21.96 1.39450132591107E-06
21.99 1.36106980249728E-06
22.02 1.32842883149879E-06
22.05 1.29656001526502E-06
22.08 1.26544537626643E-06
22.11 1.23506734771787E-06
22.14 1.20540876440527E-06
22.17 1.17645285371161E-06
22.2 1.14818322683769E-06
22.23 1.12058387021404E-06
22.26 1.09363913709951E-06
22.29 1.06733373936294E-06
22.32 1.04165273944401E-06
22.35 1.01658154248928E-06
22.38 9.92105888660097E-07
22.41 9.68211845608367E-07
22.44 9.44885801116962E-07
22.47 9.22114455901064E-07
22.5 8.99884816567183E-07
22.53 8.78184188726426E-07
22.56 8.57000170258785E-07
22.59 8.3632064472526E-07
22.62 8.16133774924631E-07
22.65 7.96427996591835E-07
22.68 7.77192012234952E-07
22.71 7.58414785107813E-07
22.74 7.40085533315362E-07
22.77 7.22193724048934E-07
22.8 7.04729067948697E-07
22.83 6.87681513590503E-07
22.86 6.71041242094513E-07
22.89 6.54798661853E-07
22.92 6.38944403374746E-07
22.95 6.23469314243553E-07
22.98 6.08364454188427E-07
23.01 5.93621090263016E-07
23.04 5.79230692131957E-07
23.07 5.65184927461859E-07
23.1 5.51475657414632E-07
23.13 5.38094932240965E-07
23.16 5.25034986971831E-07
23.19 5.12288237205838E-07
23.22 4.99847274990404E-07
23.25 4.87704864794722E-07
23.28 4.75853939572503E-07
23.31 4.64287596912569E-07
23.34 4.52999095275408E-07
23.37 4.41981850313791E-07
23.4 4.31229431275648E-07
23.43 4.20735557487423E-07
23.46 4.1049409491613E-07
23.49 4.00499052808425E-07
23.52 3.90744580404993E-07
23.55 3.81224963728641E-07
23.58 3.71934622444444E-07
23.61 3.62868106790409E-07
23.64 3.540200945771E-07
23.67 3.45385388254718E-07
23.7 3.36958912046154E-07
23.73 3.28735709144589E-07
23.76 3.20710938974203E-07
23.79 3.1287987451262E-07
23.82 3.0523789967374E-07
23.85 2.97780506749622E-07
23.88 2.90503293910116E-07
23.91 2.83401962758994E-07
23.94 2.76472315945311E-07
23.97 2.69710254828796E-07
24 2.63111777198076E-07
24.03 2.56672975040572E-07
24.06 2.50390032362913E-07
24.09 2.44259223060773E-07
24.12 2.38276908837016E-07
24.15 2.32439537167101E-07
24.18 2.26743639310678E-07
24.21 2.21185828368381E-07
24.24 2.1576279738278E-07
24.27 2.10471317482544E-07
24.3 2.05308236068841E-07
24.33 2.00270475043034E-07
24.36 1.95355029074763E-07
24.39 1.90558963909511E-07
24.42 1.85879414714774E-07
24.45 1.81313584463973E-07
24.48 1.76858742357277E-07
24.51 1.72512222278499E-07
24.54 1.68271421287268E-07
24.57 1.64133798145698E-07
24.6 1.60096871878754E-07
24.63 1.56158220367599E-07
24.66 1.52315478975157E-07
24.69 1.48566339203178E-07
24.72 1.44908547380102E-07
24.75 1.41339903379031E-07
24.78 1.3785825936513E-07
24.81 1.34461518571793E-07
24.84 1.3114763410495E-07
24.87 1.27914607774841E-07
24.9 1.24760488954684E-07
24.93 1.21683373465604E-07
24.96 1.18681402487236E-07
24.99 1.15752761493427E-07
25.02 1.12895679212479E-07
25.05 1.10108426611357E-07
25.08 1.0738931590335E-07
25.11 1.04736699578622E-07
25.14 1.02148969457171E-07
25.17 9.96245557636626E-08
25.2 9.71619262236515E-08
25.23 9.47595851807125E-08
25.26 9.24160727339987E-08
25.29 9.01299638957682E-08
25.32 8.78998677684269E-08
25.35 8.57244267406414E-08
25.38 8.36023157020912E-08
25.41 8.15322412764372E-08
25.44 7.95129410720904E-08
25.47 7.75431829503762E-08
25.5 7.56217643107013E-08
25.53 7.37475113923318E-08
25.56 7.19192785924054E-08
25.59 7.01359477998112E-08
25.62 6.83964277445688E-08
25.65 6.66996533623574E-08
25.68 6.50445851738486E-08
25.71 6.34302086785034E-08
25.74 6.18555337625011E-08
25.77 6.03195941204829E-08
25.8 5.88214466907865E-08
25.83 5.73601711038682E-08
25.86 5.59348691436071E-08
25.89 5.45446642211999E-08
25.92 5.31887008613526E-08
25.95 5.18661442004904E-08
25.98 5.057617949671E-08
26.01 4.93180116512022E-08
26.04 4.80908647408823E-08
26.07 4.68939815619727E-08
26.1 4.5726623184282E-08
26.13 4.45880685159363E-08
26.16 4.34776138783231E-08
26.19 4.23945725910107E-08
26.22 4.13382745664127E-08
26.25 4.03080659139757E-08
26.28 3.93033085536671E-08
26.31 3.83233798385504E-08
26.34 3.73676721862373E-08
26.37 3.64355927190117E-08
26.4 3.55265629124246E-08
26.43 3.46400182521649E-08
26.46 3.37754078990137E-08
26.49 3.29321943616943E-08
26.52 3.21098531774377E-08
26.55 3.13078726000812E-08
26.58 3.05257532955281E-08
26.61 2.97630080443961E-08
26.64 2.90191614516884E-08
26.67 2.82937496633248E-08
26.7 2.75863200893713E-08
26.73 2.68964311338159E-08
26.76 2.62236519307344E-08
26.79 2.55675620867012E-08
26.82 2.49277514292973E-08
26.85 2.43038197615744E-08
26.88 2.3695376622336E-08
26.91 2.31020410521009E-08
26.94 2.25234413646147E-08
26.97 2.19592149237819E-08
27 2.14090079258905E-08
27.03 2.08724751870067E-08
27.06 2.03492799354174E-08
27.09 1.9839093609005E-08
27.12 1.93415956574358E-08
27.15 1.88564733490526E-08
27.18 1.83834215823594E-08
27.21 1.79221427019915E-08
27.24 1.74723463190652E-08
27.27 1.7033749135806E-08
27.3 1.66060747743528E-08
27.33 1.61890536096422E-08
27.36 1.57824226062753E-08
27.39 1.53859251592758E-08
27.42 1.49993109386456E-08
27.45 1.46223357376297E-08
27.48 1.42547613246039E-08
27.51 1.38963552984995E-08
27.54 1.35468909476807E-08
27.57 1.32061471121954E-08
27.6 1.28739080493192E-08
27.63 1.25499633023137E-08
27.66 1.22341075723259E-08
27.69 1.19261405933525E-08
27.72 1.16258670101975E-08
27.75 1.13330962593527E-08
27.78 1.10476424527326E-08
27.81 1.07693242641943E-08
27.84 1.04979648187793E-08
27.87 1.02333915846106E-08
27.9 9.97543626738371E-09
27.93 9.72393470738963E-09
27.96 9.47872677901007E-09
27.99 9.23965629262608E-09
28.02 9.0065708988836E-09
28.05 8.77932199525937E-09
28.08 8.55776463487306E-09
28.11 8.34175743749232E-09
28.14 8.13116250267878E-09
28.17 7.92584532502404E-09
28.2 7.7256747114261E-09
28.23 7.53052270035799E-09
28.26 7.34026448308093E-09
28.29 7.15477832675597E-09
28.32 6.97394549940921E-09
28.35 6.79765019670598E-09
28.38 6.62577947049144E-09
28.41 6.45822315905536E-09
28.44 6.29487381908005E-09
28.47 6.13562665923115E-09
28.5 5.98037947535267E-09
28.53 5.82903258722738E-09
28.56 5.68148877686565E-09
28.59 5.53765322828629E-09
28.62 5.39743346875345E-09
28.65 5.26073931143514E-09
28.68 5.12748279944944E-09
28.71 4.9975781512649E-09
28.74 4.87094170742311E-09
28.77 4.74749187855178E-09
28.8 4.62714909463731E-09
28.83 4.50983575552681E-09
28.86 4.39547618263026E-09
28.89 4.2839965717938E-09
28.92 4.17532494731648E-09
28.95 4.06939111708259E-09
28.98 3.96612662878345E-09
29.01 3.86546472720191E-09
29.04 3.76734031253445E-09
29.07 3.67168989972602E-09
29.1 3.57845157879301E-09
29.13 3.48756497611092E-09
29.16 3.39897121664346E-09
29.19 3.31261288709037E-09
29.22 3.22843399993204E-09
29.25 3.14637995834929E-09
29.28 3.0663975219972E-09
29.31 2.9884347736126E-09
29.34 2.91244108643499E-09
29.37 2.83836709242147E-09
29.4 2.76616465123635E-09
29.43 2.69578681999706E-09
29.46 2.62718782375784E-09
29.49 2.5603230267136E-09
29.52 2.49514890410663E-09
29.55 2.43162301481899E-09
29.58 2.3697039746342E-09
29.61 2.30935143015215E-09
29.64 2.25052603334119E-09
29.67 2.19318941671229E-09
29.7 2.13730416909997E-09
29.73 2.0828338120357E-09
29.76 2.029742776699E-09
29.79 1.97799638143263E-09
29.82 1.92756080980806E-09
29.85 1.8784030892279E-09
29.88 1.83049107005237E-09
29.91 1.78379340523702E-09
29.94 1.73827953046939E-09
29.97 1.69391964479251E-09


"2'th-eigenfunction (numerical)"
0.2 0.000809248250301353
0.4 0.0020831364297306
0.6 0.00290670697257402
0.8 0.00305036731517831
1 0.00262896456483372
1.2 0.00188729322950956
1.4 0.00108242742693708
1.6 0.000425527567938179
1.8 5.50366392715268E-05
2 3.71673278603375E-05
2.2 0.000375951857065135
2.4 0.00102803324624352
2.6 0.00191923793557846
2.8 0.00295937519482567
3 0.00405471605830629
3.2 0.00511770095369315
3.4 0.00607259592959276
3.6 0.00686119125172203
3.8 0.00744166173968063
4 0.0077902810900259
4.2 0.00789993906795742
4.4 0.00777968177372764
4.6 0.00744933743959231
4.8 0.00693939765888545
5 0.0062836956820731
5.2 0.00552358016746768
5.4 0.00470098407006542
5.6 0.00385533944593838
5.8 0.0030255421405898
6 0.00224759816203141
6.2 0.0015513622522467
6.4 0.000962915206472967
6.6 0.000503025624796984
6.8 0.000186364159279582
7 2.27186756820924E-05
7.2 1.7182997717111E-05
7.4 0.000169737309687698
7.6 0.000476508120004649
7.8 0.00093023028073049
8 0.0015199375766034
8.2 0.00223364960898185
8.4 0.00305603371698875
8.6 0.00397171358787139
8.8 0.004963432670719
9 0.00601506945131364
9.2 0.00710959394873403
9.4 0.00822964511640709
9.6 0.00936057877323094
9.8 0.0104857497701071
10 0.0115918411579536
10.2 0.0126666801222953
10.4 0.0137002712826103
10.6 0.0146806411271976
10.8 0.0156010985342669
11 0.0164553552175901
11.2 0.0172346978805739
11.4 0.01793719477766
11.6 0.0185588869037971
11.8 0.0190993362502905
12 0.0195552993672736
12.2 0.0199296358793482
12.4 0.0202192765515797
12.6 0.020429464461911
12.8 0.0205622627348659
13 0.0206221378468709
13.2 0.020610212416562
13.4 0.0205312896447785
13.6 0.0203892681226278
13.8 0.0201878176548449
14 0.019932362114486
14.2 0.0196281490515958
14.4 0.0192805249044305
14.6 0.0188917831590524
14.8 0.0184665006162858
15 0.0180109880494707
15.2 0.0175296316951573
15.4 0.0170271998702618
15.6 0.0165061762362255
15.8 0.0159700923552142
16 0.015422176371604
16.2 0.0148669122112775
16.4 0.0143068342868159
16.6 0.0137455976853804
16.8 0.0131848427098603
17 0.0126272249714557
17.2 0.0120738074178685
17.4 0.0115290627935384
17.6 0.0109921638115701
17.8 0.0104668638940596
18 0.0099522729644794
18.2 0.00945123850673034
18.4 0.00896286032439831
18.6 0.00848911764524071
18.8 0.0080295829956377
19 0.00758631254723158
19.2 0.00715913881131263
19.4 0.00674781657211083
19.6 0.00635237587258263
19.8 0.00597343091620125
20 0.00561048604553872
20.2 0.00526350563410656
20.4 0.0049325185854244
20.6 0.00461741041290557
20.8 0.00431708679017861
21 0.00403150072698442
21.2 0.00376048261371114
21.4 0.00350400985036629
21.6 0.00326121174783852
21.8 0.0030316353154518
22 0.00281495646837253
22.2 0.00261054238199233
22.4 0.00241788702674379
22.6 0.00223659765464291
22.8 0.00206638396415697
23 0.00190671701555307
23.2 0.00175681375887493
23.4 0.0016159499359951
23.6 0.0014842004342046
23.8 0.00136149936574655
24 0.00124686041598774
24.2 0.00113967049134365
24.4 0.00103990150028017
24.6 0.000946945102212409
24.8 0.000860332385409858
25 0.000779797323097456
25.2 0.000705250068632669
25.4 0.000636008523321395
25.6 0.000571785078216742
25.8 0.000512417979037791
26 0.000457794122126581
26.2 0.000407372630744959
26.4 0.000360890904819594
26.6 0.000318113150501608
26.8 0.000278903815965607
27 0.000242986875758077
27.2 0.000210229890667558
27.4 0.000180398223167456
27.6 0.000153426606165123
27.8 0.000129037717289996
28 0.000107093172402574
28.2 8.74739365232714E-05
28.4 7.01362979913654E-05
28.6 5.48917426800753E-05
28.8 4.16492432560211E-05
29 3.03970089881295E-05
29.2 2.09790394477223E-05
29.4 1.33518848950205E-05
29.6 7.47423317000556E-06
29.8 3.32647700880926E-06
30 8.336968960175E-07


"2'th-eigenfunction (analytical)"
0 0
0.03 2.51069570531616E-05
0.06 9.45019242280993E-05
0.09 0.000199969389912998
0.12 0.000334139091441247
0.15 0.000490423556200338
0.18 0.000662959340908969
0.21 0.000846551782422335
0.24 0.00103662308177601
0.27 0.00122916355118905
0.3 0.00142068586142989
0.33 0.0016081821343168
0.36 0.0017890837321897
0.39 0.00196122360296393
0.42 0.00212280104587012
0.45 0.00227234876920807
0.48 0.00240870211740722
0.51 0.002530970350402
0.54 0.00263850986380548
0.57 0.00273089924361078
0.6 0.00280791605417288
0.63 0.00286951526303489
0.66 0.00291580921076906
0.69 0.00294704903841225
0.72 0.00296360748929698
0.75 0.00296596300611791
0.78 0.00295468504793895
0.81 0.00293042055554338
0.84 0.00289388149706627
0.87 0.00284583342923026
0.9 0.0027870850127399
0.93 0.00271847842348094
0.96 0.00264088060412578
0.99 0.00255517530356968
1.02 0.00246225585431999
1.05 0.0023630186405373
1.08 0.00225835721188808
1.11 0.00214915700071828
1.14 0.00203629060229967
1.17 0.00192061358004162
1.2 0.00180296075960328
1.23 0.00168414297778926
1.26 0.00156494425397025
1.29 0.00144611935354141
1.32 0.00132839171462032
1.35 0.00121245171079543
1.38 0.00109895522426945
1.41 0.000988522505202429
1.44 0.00088173729444973
1.47 0.000779146188214247
1.5 0.00068125822439156
1.53 0.000588544671585501
1.56 0.000501439002911358
1.59 0.000420337037787679
1.62 0.000345597235947715
1.65 0.000277541128880199
1.68 0.000216453874838724
1.71 0.000162584924441544
1.74 0.000116148784721311
1.77 7.73258702789637E-05
1.8 4.62634309497143E-05
1.83 2.30765461035513E-05
1.86 7.84917637975691E-06
1.89 6.35264296205805E-07
1.92 1.45987578135827E-06
1.95 1.03203752513936E-05
1.98 2.71876273983537E-05
2.01 5.20072193689007E-05
2.04 8.4700697498709E-05
2.07 0.00012516681322591
2.1 0.000173282773239679
2.13 0.000228905489328137
2.16 0.0002918728237745
2.19 0.000362004826512773
2.22 0.000439104960595616
2.25 0.000522961312847882
2.28 0.000613347786881211
2.31 0.000710025275928524
2.34 0.000812742813223268
2.37 0.000921238697897917
2.4 0.00103524159460987
2.43 0.00115447160532189
2.46 0.00127864131186877
2.49 0.00140745678813304
2.52 0.00154061858083114
2.55 0.00167782265807729
2.58 0.00181876132504744
2.61 0.00196312410620923
2.64 0.00211059859371736
2.67 0.0022608712616975
2.7 0.00241362824625632
2.73 0.00256855609116064
2.76 0.00272534245922624
2.79 0.0028836768095463
2.82 0.00304325104077129
2.85 0.00320376010072777
2.88 0.00336490256273127
2.91 0.00352638116901157
2.94 0.00368790334172434
2.97 0.00384918166207443
3 0.00400993431812186
3.03 0.00416988552188195
3.06 0.00432876589636781
3.09 0.004486312833255
3.12 0.00464227082187605
3.15 0.00479639175027703
3.18 0.00494843517908844
3.21 0.00509816858898039
3.24 0.00524536760248594
3.27 0.00538981618098805
3.3 0.00553130679767388
3.33 0.00566964058726676
3.36 0.00580462747334941
3.39 0.0059360862740943
3.42 0.00606384478721614
3.45 0.00618773985495965
3.48 0.00630761740993192
3.51 0.00642333250258315
3.54 0.00653474931113252
3.57 0.00664174113472855
3.6 0.00674419037062282
3.63 0.00684198847612664
3.66 0.00693503591610794
3.69 0.00702324209677403
3.72 0.00710652528647228
3.75 0.00718481252422725
3.78 0.00725803951671838
3.81 0.00732615052438703
3.84 0.00738909823734672
3.87 0.00744684364175393
3.9 0.0074993558772811
3.93 0.00754661208631652
3.96 0.00758859725549929
3.99 0.0076253040501804
4.02 0.00765673264238391
4.05 0.0076828905328249
4.08 0.00770379236752394
4.11 0.00771945974953978
4.14 0.00772992104632578
4.17 0.0077352111931972
4.2 0.00773537149338027
4.23 0.0077304494150962
4.26 0.00772049838611727
4.29 0.00770557758621414
4.32 0.00768575173789833
4.35 0.00766109089584642
4.38 0.00763167023537697
4.41 0.00759756984033495
4.44 0.00755887449072301
4.47 0.00751567345040345
4.5 0.00746806025517959
4.53 0.00741613250155058
4.56 0.00735999163641888
4.59 0.00729974274801589
4.62 0.00723549435829653
4.65 0.00716735821704109
4.68 0.00709544909788808
4.71 0.00701988459651006
4.74 0.00694078493113092
4.77 0.00685827274557156
4.8 0.00677247291499811
4.83 0.00668351235453609
4.86 0.00659151983090196
4.89 0.00649662577719295
4.92 0.00639896211096526
4.95 0.00629866205572055
4.98 0.00619585996591046
5.01 0.00609069115555974
5.04 0.00598329173059868
5.07 0.0058737984249871
5.1 0.00576234844070295
5.13 0.00564907929166082
5.16 0.00553412865161723
5.19 0.00541763420611177
5.22 0.00529973350848606
5.25 0.00518056384001524
5.28 0.00506026207417961
5.31 0.00493896454509793
5.34 0.00481680692013715
5.37 0.0046939240767077
5.4 0.0045704499832476
5.43 0.00444651758439305
5.46 0.0043222586903282
5.49 0.00419780387030168
5.52 0.0040732823502928
5.55 0.00394882191480573
5.58 0.00382454881276611
5.61 0.00370058766748985
5.64 0.00357706139069104
5.67 0.00345409110049127
5.7 0.00333179604339008
5.73 0.00321029352015279
5.76 0.00308969881556895
5.79 0.00297012513203204
5.82 0.00285168352688831
5.85 0.00273448285350043
5.88 0.00261862970596908
5.91 0.00250422836745397
5.94 0.00239138076203357
5.97 0.0022801864100411
6 0.00217074238681294
6.03 0.00206314328478407
6.06 0.00195748117886372
6.09 0.00185384559502352
6.12 0.00175232348202922
6.15 0.00165299918624613
6.18 0.00155595442944776
6.21 0.00146126828955654
6.24 0.0013690171842446
6.27 0.00127927485732254
6.3 0.00119211236784361
6.33 0.00110759808185043
6.36 0.00102579766669132
6.39 0.000946774087833104
6.42 0.000870587608097613
6.45 0.000797295789248694
6.48 0.000726953495857283
6.51 0.000659612901371866
6.54 0.000595323496322349
6.57 0.000534132098585542
6.6 0.000476082865640954
6.63 0.000421217308746249
6.66 0.000369574308962015
6.69 0.000321190134956439
6.72 0.000276098462520934
6.75 0.000234330395728549
6.78 0.00019591448966782
6.81 0.000160876774685434
6.84 0.000129240782071989
6.87 0.000101027571126011
6.9 7.62557575322379E-05
6.93 5.49415429912439E-05
6.96 3.70987460383255E-05
6.99 2.27388339906712E-05
7.02 1.18709559627737E-05
7.05 4.50197689117635E-06
7.08 6.36512510629505E-07
7.11 2.7696522485982E-07
7.14 3.4235608162359E-06
7.17 1.00743859397272E-05
7.2 2.02254263476712E-05
7.23 3.38706057929954E-05
7.26 5.10018255596805E-05
7.29 7.16090045704042E-05
7.32 9.56801200224384E-05
7.35 0.000123201248504055
7.38 0.00015415660754481
7.41 0.000188528597554307
7.44 0.000226297844105103
7.47 0.00026744324051667
7.5 0.000311941990698402
7.53 0.000359769652210896
7.56 0.000410900179505786
7.59 0.000465305967305581
7.62 0.00052295789408618
7.65 0.000583825365625764
7.68 0.000647876358584803
7.71 0.000715077464083347
7.74 0.000785393931242453
7.77 0.000858789710658029
7.8 0.00093522749777623
7.83 0.00101466877614082
7.86 0.00109707386048365
7.89 0.00118240193963094
7.92 0.0012706111191984
7.95 0.00136165846405005
7.98 0.00145550004049579
8.01 0.0015520909582044
8.04 0.00165138541180929
8.07 0.00175333672218537
8.1 0.00185789737737611
8.13 0.00196501907315155
8.16 0.00207465275317777
8.19 0.00218674864878023
8.22 0.00230125631828376
8.25 0.00241812468591296
8.28 0.0025373020802376
8.31 0.00265873627214859
8.34 0.00278237451235047
8.37 0.00290816356835778
8.4 0.00303604976098287
8.43 0.00316597900030391
8.46 0.00329789682110217
8.49 0.00343174841775893
8.52 0.00356747867860248
8.55 0.00370503221969679
8.58 0.00384435341806389
8.61 0.00398538644433273
8.64 0.00412807529480805
8.67 0.00427236382295314
8.7 0.00441819577028109
8.73 0.00456551479664992
8.76 0.00471426450995728
8.79 0.00486438849523112
8.82 0.00501583034311324
8.85 0.00516853367773291
8.88 0.005322442183969
8.91 0.00547749963409847
8.94 0.00563364991383053
8.97 0.00579083704772564
9 0.00594900522399926
9.03 0.00610809881871048
9.06 0.00626806241933635
9.09 0.00642884084773289
9.12 0.00659037918248415
9.15 0.00675262278064141
9.18 0.00691551729885441
9.21 0.00707900871389742
9.24 0.00724304334259268
9.27 0.00740756786113497
9.3 0.00757252932382018
9.33 0.00773787518118214
9.36 0.00790355329754147
9.39 0.00806951196797115
9.42 0.00823569993468315
9.45 0.00840206640284095
9.48 0.00856856105580337
9.51 0.00873513406980453
9.54 0.0089017361280761
9.57 0.00906831843441685
9.6 0.00923483272621607
9.63 0.00940123128693652
9.66 0.00956746695806345
9.69 0.00973349315052589
9.72 0.009899263855597
9.75 0.0100647336552802
9.78 0.0102298577321877
9.81 0.0103945918789185
9.84 0.0105588925069436
9.87 0.0107227166550041
9.9 0.0108860219970313
9.93 0.0110487668495948
9.96 0.0112109101788867
9.99 0.0113724116072496
10.02 0.0115332314192552
10.05 0.0116933305673422
10.08 0.0118526706770206
10.11 0.0120112140516499
10.14 0.0121689236767998
10.17 0.0123257632242011
10.2 0.0124816970552935
10.23 0.0126366902243797
10.26 0.0127907084813929
10.29 0.0129437182742859
10.32 0.0130956867510495
10.35 0.0132465817613678
10.38 0.0133963718579193
10.41 0.0135450262973305
10.44 0.0136925150407908
10.47 0.0138388087543362
10.5 0.0139838788088092
10.53 0.0141276972795032
10.56 0.0142702369454996
10.59 0.014411471288704
10.62 0.0145513744925904
10.65 0.0146899214406604
10.68 0.0148270877146253
10.71 0.0149628495923184
10.74 0.015097184045345
10.77 0.0152300687364778
10.8 0.0153614820168048
10.83 0.015491402922637
10.86 0.0156198111721831
10.89 0.0157466871619986
10.92 0.0158720119632165
10.95 0.0159957673175658
10.98 0.0161179356331856
11.01 0.0162384999802416
11.04 0.0163574440863513
11.07 0.0164747523318251
11.1 0.0165904097447292
11.13 0.0167044019957782
11.16 0.0168167153930625
11.19 0.0169273368766173
11.22 0.0170362540128401
11.25 0.0171434549887619
11.28 0.017248928606179
11.31 0.0173526642756508
11.34 0.0174546520103704
11.37 0.017554882419913
11.4 0.0176533467038678
11.43 0.0177500366453602
11.46 0.0178449446044682
11.49 0.0179380635115399
11.52 0.0180293868604169
11.55 0.0181189087015684
11.58 0.0182066236351423
11.61 0.0182925268039371
11.64 0.0183766138863009
11.67 0.0184588810889615
11.7 0.018539325139792
11.73 0.0186179432805187
11.76 0.0186947332593729
11.79 0.018769693323694
11.82 0.0188428222124862
11.85 0.0189141191489342
11.88 0.0189835838328821
11.91 0.0190512164332794
11.94 0.0191170175805979
11.97 0.0191809883592239
12 0.01924313029983
12.03 0.0193034453717288
12.06 0.0193619359752138
12.09 0.0194186049338902
12.12 0.0194734554869993
12.15 0.0195264912817398
12.18 0.0195777163655901
12.21 0.0196271351786333
12.24 0.0196747525458898
12.27 0.0197205736696598
12.3 0.0197646041218774
12.33 0.0198068498364824
12.36 0.0198473171018094
12.39 0.0198860125529985
12.42 0.01992294316443
12.45 0.0199581162421862
12.48 0.0199915394165417
12.51 0.0200232206344855
12.54 0.0200531681522767
12.57 0.020081390528037
12.6 0.0201078966143809
12.63 0.0201326955510866
12.66 0.0201557967578095
12.69 0.0201772099268402
12.72 0.0201969450159089
12.75 0.0202150122410379
12.78 0.0202314220694445
12.81 0.0202461852124951
12.84 0.0202593126187134
12.87 0.0202708154668426
12.9 0.0202807051589649
12.93 0.0202889933136783
12.96 0.0202956917593332
12.99 0.0203008125273287
13.02 0.0203043678454718
13.05 0.0203063701313991
13.08 0.0203068319860623
13.11 0.0203057661872798
13.14 0.0203031856833538
13.17 0.0202991035867552
13.2 0.0202935331678764
13.23 0.0202864878488532
13.26 0.0202779811974565
13.29 0.0202680269210548
13.32 0.0202566388606479
13.35 0.0202438309849723
13.38 0.0202296173846798
13.41 0.0202140122665889
13.44 0.0201970299480099
13.47 0.0201786848511444
13.5 0.0201589914975591
13.53 0.020137964502735
13.56 0.0201156185706918
13.59 0.0200919684886874
13.62 0.0200670291219948
13.65 0.0200408154087537
13.68 0.0200133423548991
13.71 0.0199846250291666
13.74 0.0199546785581742
13.77 0.0199235181215808
13.8 0.0198911589473215
13.83 0.0198576163069198
13.86 0.0198229055108769
13.89 0.0197870419041372
13.92 0.019750040861631
13.95 0.0197119177838935
13.98 0.0196726880927607
14.01 0.019632367227141
14.04 0.0195909706388638
14.07 0.0195485137886031
14.1 0.0195050121418773
14.13 0.0194604811651248
14.16 0.0194149363218538
14.19 0.0193683930688676
14.22 0.0193208668525648
14.25 0.0192723731053124
14.28 0.0192229272418942
14.31 0.0191725446560314
14.34 0.0191212407169768
14.37 0.0190690307661817
14.4 0.0190159301140343
14.43 0.0189619540366704
14.46 0.0189071177728548
14.49 0.0188514365209337
14.52 0.0187949254358574
14.55 0.0187375996262719
14.58 0.0186794741516805
14.61 0.0186205640196733
14.64 0.0185608841832254
14.67 0.0185004495380613
14.7 0.0184392749200875
14.73 0.0183773751028903
14.76 0.0183147647952999
14.79 0.0182514586390188
14.82 0.0181874712063151
14.85 0.0181228169977794
14.88 0.0180575104401443
14.91 0.0179915658841671
14.94 0.0179249976025735
14.97 0.0178578197880629
15 0.0177900465513737
15.03 0.0177216919194087
15.06 0.017652769833419
15.09 0.0175832941472467
15.12 0.0175132786256252
15.15 0.017442736942536
15.18 0.0173716826796221
15.21 0.0173001293246568
15.24 0.0172280902700675
15.27 0.017155578811513
15.3 0.0170826081465148
15.33 0.0170091913731408
15.36 0.0169353414887406
15.39 0.0168610713887326
15.42 0.0167863938654411
15.45 0.0167113216069832
15.48 0.0166358671962049
15.51 0.0165600431096656
15.54 0.0164838617166695
15.57 0.0164073352783448
15.6 0.016330475946768
15.63 0.0162532957641345
15.66 0.0161758066619734
15.69 0.016098020460406
15.72 0.0160199488674484
15.75 0.0159416034783555
15.78 0.015862995775008
15.81 0.0157841371253389
15.84 0.0157050387828025
15.87 0.0156257118858808
15.9 0.0155461674576308
15.93 0.0154664164052687
15.96 0.0153864695197924
15.99 0.0153063374756406
16.02 0.0152260308303883
16.05 0.0151455600244777
16.08 0.0150649353809835
16.11 0.0149841671054132
16.14 0.0149032652855403
16.17 0.01482223989127
16.2 0.0147411007745382
16.23 0.0146598576692406
16.26 0.0145785201911935
16.29 0.0144970978381247
16.32 0.0144155999896936
16.35 0.0143340359075404
16.38 0.0142524147353638
16.41 0.0141707454990259
16.44 0.0140890371066843
16.47 0.0140072983489508
16.5 0.0139255378990759
16.53 0.0138437643131579
16.56 0.0137619860303775
16.59 0.0136802113732555
16.62 0.0135984485479349
16.65 0.0135167056444847
16.68 0.0134349906372274
16.71 0.0133533113850864
16.74 0.0132716756319564
16.77 0.0131900910070929
16.8 0.0131085650255225
16.83 0.0130271050884729
16.86 0.0129457184838211
16.89 0.0128644123865604
16.92 0.0127831938592857
16.95 0.0127020698526955
16.98 0.0126210472061113
17.01 0.0125401326480132
17.04 0.0124593327965912
17.07 0.0123786541603125
17.1 0.0122981031385028
17.13 0.0122176860219427
17.16 0.0121374089934783
17.19 0.0120572781286441
17.22 0.0119772993963005
17.25 0.0118974786592829
17.28 0.011817821675063
17.31 0.0117383340964223
17.34 0.0116590214721361
17.37 0.0115798892476698
17.4 0.0115009427658835
17.43 0.011422187267749
17.46 0.0113436278930743
17.49 0.0112652696812389
17.52 0.0111871175719372
17.55 0.01110917640593
17.58 0.0110314509258056
17.61 0.0109539457767464
17.64 0.0108766655073047
17.67 0.0107996145701845
17.7 0.0107227973230305
17.73 0.0106462180292225
17.76 0.0105698808586768
17.79 0.0104937898886524
17.82 0.010417949104563
17.85 0.0103423624007934
17.88 0.0102670335815211
17.91 0.0101919663615418
17.94 0.0101171643670989
17.97 0.0100426311367173
18 0.00996837012203969
18.03 0.00989438468866691
18.06 0.00982067811700032
18.09 0.00974725360308732
18.12 0.00967411425946901
18.15 0.00960126311602972
18.18 0.00952870312084855
18.21 0.00945643714105223
18.24 0.00938446796366952
18.27 0.00931279829648621
18.3 0.00924143076890142
18.33 0.00917036793278403
18.36 0.00909961226332964
18.39 0.00902916615991768
18.42 0.00895903194696822
18.45 0.00888921187479867
18.48 0.00881970812047977
18.51 0.00875052278869101
18.54 0.00868165791257487
18.57 0.0086131154545903
18.6 0.00854489730736457
18.63 0.00847700529454365
18.66 0.0084094411716412
18.69 0.00834220662688532
18.72 0.00827530328206362
18.75 0.00820873269336578
18.78 0.00814249635222413
18.81 0.00807659568615134
18.84 0.00801103205957582
18.87 0.00794580677467403
18.9 0.00788092107219997
18.93 0.00781637613231164
18.96 0.00775217307539406
18.99 0.00768831296287929
19.02 0.00762479679806252
19.05 0.007561625526915
19.08 0.00749880003889293
19.11 0.00743632116774256
19.14 0.00737418969230154
19.17 0.00731240633729589
19.2 0.00725097177413309
19.23 0.00718988662169065
19.26 0.00712915144710056
19.29 0.007068766766529
19.32 0.00700873304595177
19.35 0.00694905070192487
19.38 0.00688972010235039
19.41 0.00683074156723773
19.44 0.00677211536945971
19.47 0.00671384173550389
19.5 0.00665592084621874
19.53 0.00659835283755484
19.56 0.00654113780130067
19.59 0.00648427578581345
19.62 0.00642776679674448
19.65 0.00637161079775915
19.68 0.00631580771125165
19.71 0.00626035741905406
19.74 0.0062052597631401
19.77 0.00615051454632311
19.8 0.00609612153294864
19.83 0.00604208044958125
19.86 0.00598839098568564
19.89 0.00593505279430216
19.92 0.00588206549271637
19.95 0.00582942866312302
19.98 0.00577714185328403
20.01 0.00572520457718077
20.04 0.00567361631566027
20.07 0.00562237651707579
20.1 0.0055714845979212
20.13 0.00552093994345959
20.16 0.00547074190834589
20.19 0.00542088981724342
20.22 0.00537138296543463
20.25 0.00532222061942559
20.28 0.00527340201754474
20.31 0.00522492637053536
20.34 0.00517679286214224
20.37 0.00512900064969214
20.4 0.00508154886466831
20.43 0.00503443661327894
20.46 0.00498766297701953
20.49 0.0049412270132294
20.52 0.00489512775564184
20.55 0.00484936421492856
20.58 0.00480393537923797
20.61 0.00475884021472732
20.64 0.00471407766608912
20.67 0.00466964665707128
20.7 0.00462554609099143
20.73 0.00458177485124518
20.76 0.00453833180180849
20.79 0.00449521578773399
20.82 0.00445242563564146
20.85 0.0044099601542024
20.88 0.00436781813461854
20.91 0.00432599835109472
20.94 0.0042844995613057
20.97 0.0042433205068573
21 0.00420245991374153
21.03 0.00416191649278615
21.06 0.00412168894009826
21.09 0.00408177593750233
21.12 0.00404217615297236
21.15 0.00400288824105836
21.18 0.00396391084330737
21.21 0.00392524258867852
21.24 0.00388688209395277
21.27 0.0038488279641369
21.3 0.00381107879286202
21.33 0.00377363316277658
21.36 0.00373648964593378
21.39 0.00369964680417376
21.42 0.00366310318950006
21.45 0.003626857344451
21.48 0.00359090780246546
21.51 0.00355525308824355
21.54 0.00351989171810176
21.57 0.00348482220032314
21.6 0.00345004303550206
21.63 0.0034155527168838
21.66 0.0033813497306992
21.69 0.00334743255649392
21.72 0.00331379966745292
21.75 0.00328044953071965
21.78 0.00324738060771049
21.81 0.00321459135442407
21.84 0.00318208022174576
21.87 0.00314984565574727
21.9 0.00311788609798138
21.93 0.00308619998577201
21.96 0.00305478575249931
21.99 0.0030236418278803
22.02 0.0029927666382446
22.05 0.00296215860680571
22.08 0.00293181615392761
22.11 0.00290173769738679
22.14 0.00287192165262986
22.17 0.00284236643302658
22.2 0.00281307045011861
22.23 0.00278403211386369
22.26 0.00275524983287566
22.29 0.00272672201466002
22.32 0.00269844706584537
22.35 0.00267042339241053
22.38 0.0026426493999075
22.41 0.00261512349368036
22.44 0.00258784407907997
22.47 0.00256080956167467
22.5 0.002534018347457
22.53 0.00250746884304641
22.56 0.00248115945588801
22.59 0.00245508859444756
22.62 0.00242925466840248
22.65 0.0024036560888291
22.68 0.00237829126838623
22.71 0.0023531586214949
22.74 0.00232825656451447
22.77 0.00230358351591513
22.8 0.00227913789644675
22.83 0.00225491812930425
22.86 0.00223092264028936
22.89 0.00220714985796902
22.92 0.00218359821383022
22.95 0.00216026614243162
22.98 0.00213715208155161
23.01 0.00211425447233328
23.04 0.00209157175942594
23.07 0.00206910239112349
23.1 0.00204684481949966
23.13 0.00202479750053994
23.16 0.00200295889427055
23.19 0.0019813274648843
23.22 0.00195990168086335
23.25 0.00193868001509904
23.28 0.00191766094500879
23.31 0.00189684295265
23.34 0.00187622452483115
23.37 0.00185580415322001
23.4 0.00183558033444907
23.43 0.0018155515702182
23.46 0.00179571636739461
23.49 0.00177607323811006
23.52 0.00175662069985544
23.55 0.00173735727557282
23.58 0.00171828149374478
23.61 0.00169939188848123
23.64 0.00168068699960386
23.67 0.00166216537272793
23.7 0.0016438255593417
23.73 0.00162566611688351
23.76 0.00160768560881643
23.79 0.00158988260470054
23.82 0.00157225568026306
23.85 0.00155480341746604
23.88 0.00153752440457193
23.91 0.00152041723620693
23.94 0.00150348051342217
23.97 0.00148671284375277
24 0.00147011284127474
24.03 0.00145367912665996
24.06 0.00143741032722896
24.09 0.00142130507700182
24.12 0.00140536201674702
24.15 0.00138957979402844
24.18 0.00137395706325033
24.21 0.00135849248570055
24.24 0.00134318472959185
24.27 0.00132803247010138
24.3 0.0013130343894084
24.33 0.00129818917673029
24.36 0.00128349552835672
24.39 0.00126895214768225
24.42 0.00125455774523716
24.45 0.00124031103871671
24.48 0.00122621075300876
24.51 0.00121225562021978
24.54 0.00119844437969936
24.57 0.00118477577806314
24.6 0.00117124856921428
24.63 0.00115786151436342
24.66 0.00114461338204723
24.69 0.00113150294814548
24.72 0.00111852899589675
24.75 0.00110569031591284
24.78 0.00109298570619165
24.81 0.00108041397212895
24.84 0.0010679739265287
24.87 0.00105566438961218
24.9 0.00104348418902584
24.93 0.00103143215984795
24.96 0.00101950714459405
24.99 0.00100770799322117
25.02 0.000996033563130998
25.05 0.000984482719171808
25.08 0.000973054333639383
25.11 0.00096174728627678
25.14 0.000950560464273069
25.17 0.000939492762261026
25.2 0.000928543082313781
25.23 0.000917710333940528
25.26 0.000906993434081188
25.29 0.000896391307100165
25.32 0.000885902884779147
25.35 0.000875527106308996
25.38 0.000865262918280747
25.41 0.000855109274675714
25.44 0.000845065136854776
25.47 0.00083512947354677
25.5 0.000825301260836135
25.53 0.000815579482149692
25.56 0.000805963128242689
25.59 0.000796451197184057
25.62 0.000787042694340936
25.65 0.000777736632362468
25.68 0.000768532031162877
25.71 0.00075942791790387
25.74 0.000750423326976337
25.77 0.000741517299981432
25.8 0.000732708885710964
25.83 0.000723997140127206
25.86 0.000715381126342067
25.89 0.000706859914595674
25.92 0.000698432582234399
25.95 0.00069009821368827
25.98 0.000681855900447906
26.01 0.00067370474104085
26.04 0.000665643841007434
26.07 0.000657672312876111
26.1 0.000649789276138309
26.13 0.00064199385722281
26.16 0.00063428518946966
26.19 0.000626662413103647
26.22 0.000619124675207309
26.25 0.000611671129693575
26.28 0.000604300937277943
26.31 0.000597013265450296
26.34 0.000589807288446323
26.37 0.000582682187218569
26.4 0.000575637149407133
26.43 0.00056867136931001
26.46 0.000561784047853109
26.49 0.000554974392559926
26.52 0.000548241617520944
26.55 0.000541584943362691
26.58 0.000535003597216533
26.61 0.000528496812687181
26.64 0.000522063829820928
26.67 0.000515703895073645
26.7 0.000509416261278489
26.73 0.000503200187613431
26.76 0.000497054939568504
26.79 0.000490979788912867
26.82 0.000484974013661651
26.85 0.0004790368980426
26.88 0.000473167732462536
26.91 0.00046736581347363
26.94 0.000461630443739523
26.97 0.000455960932001248
27 0.00045035659304305
27.03 0.000444816747658009
27.06 0.000439340722613564
27.09 0.000433927850616887
27.12 0.000428577470280148
27.15 0.000423288926085663
27.18 0.000418061568350931
27.21 0.000412894753193594
27.24 0.000407787842496271
27.27 0.000402740203871354
27.3 0.00039775121062569
27.33 0.000392820241725213
27.36 0.000387946681759516
27.39 0.000383129920906356
27.42 0.000378369354896127
27.45 0.000373664384976266
27.48 0.000369014417875659
27.51 0.000364418865768981
27.54 0.000359877146241038
27.57 0.000355388682251078
27.6 0.000350952902097097
27.63 0.00034656923938014
27.66 0.00034223713296859
27.69 0.000337956026962483
27.72 0.000333725370657808
27.75 0.000329544618510848
27.78 0.000325413230102518
27.81 0.000321330670102749
27.84 0.00031729640823489
27.87 0.000313309919240148
27.9 0.000309370682842072
27.93 0.000305478183711075
27.96 0.000301631911429016
27.99 0.000297831360453814
28.02 0.000294076030084153
28.05 0.000290365424424209
28.08 0.000286699052348479
28.11 0.000283076427466655
28.14 0.000279497068088582
28.17 0.000275960497189298
28.2 0.000272466242374134
28.23 0.00026901383584393
28.26 0.000265602814360312
28.29 0.000262232719211073
28.32 0.000258903096175644
28.35 0.000255613495490671
28.38 0.000252363471815681
28.41 0.000249152584198859
28.44 0.000245980396042938
28.47 0.00024284647507118
28.5 0.000239750393293494
28.53 0.000236691726972646
28.56 0.000233670056590607
28.59 0.000230684966815009
28.62 0.000227736046465725
28.65 0.000224822888481584
28.68 0.000221945089887198
28.71 0.000219102251759939
28.74 0.000216293979197025
28.77 0.000213519881282765
28.8 0.000210779571055919
28.83 0.000208072665477211
28.86 0.000205398785396972
28.89 0.000202757555522937
28.92 0.000200148604388176
28.95 0.000197571564319169
28.98 0.000195026071404044
29.01 0.000192511765460945
29.04 0.000190028290006563
29.07 0.000187575292224814
29.1 0.000185152422935672
29.13 0.000182759336564158
29.16 0.000180395691109481
29.19 0.000178061148114346
29.22 0.000175755372634402
29.25 0.000173478033207877
29.28 0.000171228801825348
29.31 0.000169007353899688
29.34 0.000166813368236175
29.37 0.000164646527002755
29.4 0.000162506515700486
29.43 0.000160393023134133
29.46 0.000158305741382938
29.49 0.000156244365771554
29.52 0.000154208594841152
29.55 0.000152198130320687
29.58 0.000150212677098347
29.61 0.000148251943193157
29.64 0.00014631563972677
29.67 0.000144403480895415
29.7 0.000142515183942022
29.73 0.000140650469128526
29.76 0.000138809059708331
29.79 0.000136990681898954
29.82 0.000135195064854846
29.85 0.000133421940640377
29.88 0.000131671044203001
29.91 0.000129942113346597
29.94 0.000128234888704979
29.97 0.00012654911371558
