time sunx Sun sunvx sunvy earthx Earth earthvx earthvy
0 0 0 0 0 149577000000 0 0 29780
0.01 8.94370451918646E-13 5.93548403967992E-22 1.7887408334648E-10 1.78064488912983E-19 149577000000 297.799982132 -5.96246944488268E-05 29780
0.03 8.04933371187394E-12 1.60258043294588E-20 5.36622250039441E-10 1.60258032945978E-18 149577000000 893.399946396 -0.00017887408334648 29780
0.07 4.38241496562565E-11 2.03587061065583E-19 1.25211858342536E-09 8.72515946143671E-18 149577000000 2084.599874924 -0.000417372861141787 29780
0.15 2.0123333924291E-10 2.0032254213978E-18 2.68311125019721E-09 4.00645075289239E-17 149577000000 4466.99973198 -0.000894370416732402 29780
0.31 8.59489949207768E-10 1.76823964680572E-17 5.54509658374089E-09 1.71119962878031E-16 149577000000 9231.79944609199 -0.00184836552791363 29779.9999999999
0.63 3.54975609230369E-09 1.48414963373797E-16 1.12690672508282E-08 7.06737910432779E-16 149576999999.999 18761.3988743159 -0.00375635575027608 29779.9999999998
1.27 1.44253000711603E-08 1.21581417650249E-15 2.27170085850028E-08 2.87200195296839E-15 149576999999.995 37820.5977307636 -0.00757233619500092 29779.999999999
2.55 5.81564347995318E-08 9.84184636056883E-15 4.56128912533506E-08 1.1578642627744E-14 149576999999.981 75938.9954436567 -0.0152042970844502 29779.9999999961
5.11 2.33538891338896E-07 7.91988252842562E-14 9.14046565900359E-08 4.64963743361101E-14 149576999999.922 152175.790869426 -0.0304682188633453 29779.9999999845
10.23 9.35984552747911E-07 6.35452277548324E-13 1.82988187263324E-07 1.86349639188064E-13 149576999999.688 304649.381720824 -0.0609960624211081 29779.9999999379
20.47 3.74759886888393E-06 5.09107584929662E-12 3.66155248609243E-07 7.46127374632254E-13 149576999998.751 609596.563422507 -0.122051749536414 29779.9999997513
40.95 1.49977194743774E-05 4.07584591780238E-11 7.32489371295814E-07 2.98596766847203E-12 149576999995.001 1219490.92681695 -0.244163123765271 29779.9999990047
81.91 6.00055285774407E-05 3.26187126704731E-10 1.46515761662681E-06 1.19467875478016E-11 149576999979.998 2439279.65353448 -0.488385872208937 29779.9999960177
163.83 0.000240051418338926 2.60997491418277E-09 2.93049410695162E-06 4.77929844705714E-11 149576999919.983 4878857.10639856 -0.976831368983873 29779.999984069
327.67 0.000960264283876151 2.08817110878892E-08 5.86116708490359E-06 1.91183606932717E-10 149576999679.912 9758012.00755867 -1.95372236163453 29779.9999362721
655.35 0.0038411743556927 1.67061336061786E-07 1.17225130192258E-05 7.64757765686041E-10 149576998719.609 19516321.7733335 -3.90750433974193 29779.9997450807
1310.71 0.0153649318092544 1.33652127577746E-06 2.34452047152142E-05 3.05907772831037E-09 149576994878.356 39032941.0125163 -7.81506823840473 29779.9989803074
2621.43 0.0614601951074488 1.06922924654979E-05 4.68905867259335E-05 1.22364040708531E-08 149576979513.268 78066177.1519314 -15.6301955753112 29779.9959211986
5242.87 0.245841701689775 8.55388258437298E-05 9.37813396972774E-05 4.8945799814279E-08 149576918052.766 156132630.719098 -31.2604465657591 29779.9836847334
10485.75 0.983368417544209 0.000684312457788815 0.00018756275723908 1.95783521761036E-07 149576672210.528 312265388.159909 -62.5209190796933 29779.9347388261
20971.51 3.93347318394721 0.00547450407621524 0.000375124885115591 7.83134019118505E-07 149575688842.272 624529705.493414 -125.041628371864 29779.738955327
41943.03 15.7338324385899 0.0437959545770544 0.000750243483227705 3.13252453369335E-06 149571755389.187 1249048759.80467 -250.081161075902 29778.9558251554
83886.07 62.9342599721681 0.350364262478453 0.00150043541889632 1.25298925395974E-05 149556021913.343 2498010226.62488 -500.145139632105 29775.8233691535
167772.15 251.719713851301 2.80280262152809 0.00300045722434035 5.01162388978627E-05 149493093428.716 4995320059.68421 -1000.15240811345 29763.294587034
335544.31 1006.60125390716 22.4188399633692 0.00599760490277381 0.000200411577326962 149241466248.698 9985036005.59497 -1999.20163425794 29713.196140891
671088.63 4021.96480723468 179.236113619719 0.0119687518340614 0.000800792445963715 148236345064.255 19925272831.0923 -3989.58394468713 29513.0691846788
1342177.27 16016.9583915843 1430.22670086352 0.0237264673453714 0.00318953059015332 144238013869.472 39493294468.7765 -7908.82244845713 28716.8231366156
2684354.55 62942.5913083695 11325.3106319707 0.0457847409407873 0.012541400320147 128596136230.544 76164970158.605 -15261.5803135958 25599.5332266177
5368709.11 234340.309547245 86960.3638569934 0.07885885764833 0.0468008450180184 71463563484.2516 130893359750.659 -26286.2858827767 14179.7183273272
9374315.22329388 582809.486025655 413061.831232907 0.0855675175505627 0.117059525214662 -44692828675.2184 141479813522.03 -28522.5058501876 -9239.84173822081
13453154.4221657 849728.466839663 1015117.48768457 0.0375589666381288 0.171526967537562 -133665822279.888 62262418759.1423 -12519.6555460429 -27395.6558458541
17468676.0758169 856054.929969877 1727316.19907061 -0.0347574176405408 0.173105277166045 -135774643323.292 -55554924032.075 11585.8058801803 -27921.7590553482
21447278.5418482 603495.115917835 2326810.52305051 -0.0850291860843398 0.121207510526285 -51588038639.2783 -136903591029.259 28343.0620281133 -10622.5035087616
25400499.452501 254857.338063776 2662811.08454598 -0.0813908216155162 0.0492671220050445 64624553978.7415 -131176866538.791 27130.2738718387 13357.6259983185
29347942.1428731 29168.8717237942 2750514.64359295 -0.026532256732858 0.00274096718693289 139854042758.735 -42856549955.1249 8844.08557761932 28866.3442710224
33299790.9128051 67900.687110344 2757764.52439272 0.0450492562577613 0.0108157966170608 126943437629.885 72412872419.0277 -15016.4187525871 26174.7344609798
37252229.8095827 347246.678109908 2903043.69217055 0.0883307294453422 0.0687627147549464 33828107296.6974 141690106443.572 -29443.5764817807 6859.09508168454
41189761.5800045 689339.22912955 3317865.82061257 0.0754619982078455 0.140285013304746 -80202743043.1835 120675752717.144 -25153.9994026152 -16981.6711015819
45094877.9300734 875234.398173245 3959152.66577264 0.0141320127315355 0.179688922247042 -142167799391.082 23207828924.5096 -4710.67091051185 -30116.3074156806
48959143.666781 788733.855544621 4637592.96907957 -0.0564966974615656 0.161599072871888 -113334285181.541 -87861112109.9838 18832.2324871885 -24086.3576239627
52788380.3694135 488698.800218766 5143538.36381577 -0.0914012089323955 0.0977731925991705 -13322600072.9222 -142474914859.734 30467.0696441318 -2811.0641997235
56598558.6778587 165267.450953646 5378778.76295156 -0.0688604965534529 0.0288032239252526 94487849682.1178 -107421278020.858 22953.498851151 20178.9253582491
60405764.3540737 19785.247827079 5412339.34740229 -0.00330098330147607 -0.0021585982628082 142981917390.973 -5229561269.47029 1100.32776715868 30499.5327542694
64216779.2432869 143027.158391607 5436632.66581546 0.064381753359792 0.0242397501425749 101901280536.131 100164682517.388 -21460.584453264 21700.0832858084
68025393.5094781 458031.09202454 5650378.81577921 0.0917311537588655 0.0918702227294651 -3100030674.84714 142336491904.748 -30577.0512529552 -843.407576488356
71816309.3003675 765101.425497625 6132556.341792 0.0609989662480564 0.158382903140368 -105456808499.209 94504115379.5623 -20332.9887493521 -23014.3010467894
75574632.0942069 869557.65228422 6789208.14156794 -0.00874044224751261 0.181427759666813 -140275550761.407 -12456971793.9189 2913.48074917085 -30695.9198889378
79295248.6321777 708240.133204506 7415515.23360942 -0.0731976065166113 0.146273110868739 -86503044401.5027 -110426048621.64 24399.2021722037 -18977.7036229129
82985832.0671586 385940.94301902 7829350.5059557 -0.0917068487595456 0.0753984175094036 20930018993.6595 -138465571304.336 30568.9495865152 4647.19416353215
86661685.6631794 104252.697996874 7982763.92640918 -0.0530386756283343 0.0133738981094274 114826100667.708 -80136464600.6804 17679.5585427781 25322.0339635242
90336336.6810144 37148.7387000582 7986874.97154009 0.0185412590521026 -0.00132778788570056 137194087099.98 27924287767.6102 -6180.41968403423 30222.5959619002
94013739.9482246 226363.223950295 8043705.38352778 0.0786634703334834 0.0405156790316167 74122592016.5674 118493879831.781 -26221.1567778278 16274.7736561278
97686220.8168437 553859.228348044 8323061.38225724 0.0896906288179421 0.113238819467728 -35042742782.6824 134741687294.119 -29896.8762726474 -7966.27315590937
101339213.924343 813181.657050872 8854213.32189739 0.0441749975818222 0.171388075301305 -121483552350.292 66477168961.5481 -14724.9991939407 -27349.3584337683
104960279.398444 841656.721806277 9505364.93638345 -0.0295029595417257 0.178093868799628 -130975240602.093 -42738045851.8458 9834.31984724188 -29584.6229332092
108546871.347819 624571.424742303 10070043.6023261 -0.0848668877607414 0.129103730192256 -58613474914.1021 -124155565988.864 28288.9625869138 -13254.576730752
112107694.957367 299938.853983624 10399184.5784549 -0.0873550769738835 0.0553866089767536 49597382005.4573 -127827903968.581 29118.3589912945 11317.7970077488
115657032.51067 68644.7786656891 10490011.9535961 -0.0357856534986774 0.00284039810103518 126695407111.436 -52404429686.9427 11928.5511662258 28833.2006329883
119206122.576315 72513.7286610259 10483967.6669145 0.0378487193000155 0.00381245835908405 125405757112.99 55302228353.6451 -12616.2397666718 28509.180546972
122756768.982231 309262.605424007 10581173.9869921 0.0881493641696073 0.0578661704340282 46489464858.6626 128638365285.009 -29383.1213898691 10491.2765219906
126300511.135975 631708.859360341 10918260.0949682 0.0836679733696816 0.131867913247911 -60992619786.7818 121808964299.51 -27889.3244565606 -14175.9710826371
129823799.993266 837875.686076949 11480790.030577 0.0266806507887277 0.179698559890453 -129714895358.985 39222521637.9579 -8893.55026290927 -30119.5199634843
133316358.009313 799970.163787689 12111307.3351046 -0.0473337882091859 0.171169356679055 -117079721262.565 -66941541727.2128 15777.9294030619 -27276.4522263516
136777535.537469 544744.333664267 12611471.7803934 -0.0920266830566233 0.111651445685854 -32004444554.7575 -130589162886.069 30675.5610188744 -7437.14856195137
140216480.500731 232070.611966847 12866653.4216952 -0.0798005578464741 0.0383966860881175 72220129344.3823 -113237935125.424 26600.1859488247 16981.1046372942
143646309.428541 53653.3219981678 12912376.0575877 -0.0185389537367911 -0.00339194353832958 131692559333.942 -26338514414.5105 6179.651245597 30910.6478461099
147076308.474327 118131.374141411 12909893.0836738 0.0540818023851751 0.0118366688924627 110199875286.194 76634509011.5864 -18027.2674617251 25834.4437025124
150506714.078349 385978.751283054 13049428.5546921 0.0935030196930776 0.0749461679102298 20917416238.9799 132280158097.157 -31167.6732310259 4797.94402992341
153928768.732025 691420.389436175 13433899.9365994 0.0750794417507637 0.14733999654053 -80896463145.394 106031812266.635 -25026.4805835879 -19333.3321801765
157330045.485462 844446.50415774 14012617.7840561 0.00975551624636786 0.184062882506082 -131905168052.582 14415878754.3716 -3251.83874878931 -31574.294168694
160702083.937869 751530.099109905 14612774.5820839 -0.0619553395556084 0.162038935972477 -100933033036.637 -85217088167.3754 20651.7798518695 -24232.9786574923
164045567.793075 473079.692552455 15050284.5047039 -0.0954824882771697 0.0950271486780497 -8116230850.82071 -131484785806.824 31827.4960923899 -1895.71622601656
167369683.885721 181478.340320545 15243459.0296042 -0.0703666796686292 0.024593849521225 89084219893.1494 -96884122807.4581 23455.5598895431 21582.0501595917
170686372.757282 54035.7440474306 15258720.4676545 -0.0023013575926855 -0.00615250320046137 131565085317.521 -3200280155.37135 767.119197561817 31830.8344001538
174003317.040976 167779.888820146 15268475.038059 0.0671581315096342 0.0214712211929089 93650370393.282 92326791218.1399 -22386.0438365448 22622.9262690304
177319668.262011 453237.18870017 15448195.3744661 0.0955844203747584 0.0908403589694637 -1502062900.05942 131180945852.54 -31861.4734582528 -500.119656487906
180626708.144033 734623.595244223 15869106.14853 0.065160445499846 0.159664059114479 -95297531748.0771 89360996275.494 -21720.1484999487 -23441.3530381598
183913122.428613 838150.36883118 16451936.0932747 -0.00578713793799476 0.185377747880172 -129806456277.063 -7046240450.11906 1929.04597933157 -32012.582626724
187171919.613906 701707.799425908 17016590.9262873 -0.0734727401642793 0.151878292413142 -84325599808.6388 -98217543765.7675 24490.9133880931 -20846.0974710475
190404663.317303 411751.975580221 17396371.174247 -0.0961407080475416 0.0799348590197046 12326341473.2568 -128539858041.431 32046.9026825138 3135.04699343184
193620316.006207 146013.575712632 17539273.5213303 -0.0601568983576514 0.0138051140104898 100905808095.787 -80411842406.0197 20052.2994525504 25178.2953298368
196829711.695549 64844.2385335831 17535519.9000628 0.0123087019859453 -0.00634029498980414 127962253822.136 16415162577.1808 -4102.90066198177 31893.4316632681
200039259.78824 216864.309246772 17562031.605217 0.077301671775218 0.0316690197950027 77288896917.7398 103158263991.312 -25767.2239250727 19223.6600683325
203247413.411805 509645.683826442 17777246.230441 0.0952953094715708 0.105004308525527 -20304894608.8168 126958864760.723 -31765.1031571903 -5221.43617517575
206445713.384071 763869.741451645 18224252.9743849 0.054906426907058 0.169124240362642 -105046247150.551 73201984238.7982 -18302.1423023527 -26594.7467875474
209623881.199641 823674.164693018 18802319.0579872 -0.0194888578916298 0.184546992428555 -124981054897.676 -24840878426.4048 6496.28596387658 -31735.6641428516
212776071.053967 654287.714025601 19329916.7802342 -0.0822268388829152 0.141614692674437 -68518904675.2034 -106834577612.555 27408.946294305 -17424.8975581456
215904371.451071 361391.596373242 19658605.2829004 -0.0948860100769934 0.0667500623479234 29113134542.2494 -123236631598.499 31628.6700256645 7529.97921735889
219017358.39408 122959.404915027 19761894.5649024 -0.0500293422579127 0.00565646737469397 108590531694.988 -64961646665.326 16676.4474193042 27894.510875102
222124870.03813 81826.2373128752 19747484.1328861 0.0249776396647741 -0.00481498587384824 122301587562.372 32383521880.7646 -8325.87988825806 31384.9952912828
225232338.300296 262262.949744712 19792088.736644 0.0849119776177726 0.0416259760006271 62156016751.7592 110055719923.017 -28303.9925392576 15904.6746664577
228337820.536962 555103.740089552 20036770.0221507 0.0934800160744446 0.117181243791978 -35457580029.854 120976546879.834 -31160.0053581482 -9280.41459732582
231433252.55823 782005.742850175 20500793.4894349 0.0450678454684944 0.17615304214768 -111091580950.062 58484017847.5315 -15022.6151561648 -28937.6807158934
234509281.129478 804879.778674081 21068134.1280261 -0.0311576997997171 0.18239556102192 -118716259558.031 -39025402994.0605 10385.899933239 -31018.5203406401
237560921.423572 611710.133938043 21559733.0435826 -0.0886758059197941 0.13193439147341 -54326377979.3511 -112013865674.07 29558.6019732647 -14198.1304911366
240590514.249042 321630.688514083 21844688.7246892 -0.092509611124794 0.0556079075515041 42366770495.3021 -116777823780.386 30836.537041598 11244.0308161653
243606156.304278 109527.379028098 21917534.5666469 -0.0406113706364764 -0.000318820964641586 113067873657.297 -51253956083.0337 13537.1235454921 29886.2736548805
246616815.944121 101576.456238322 21898112.1222306 0.0356108035705516 -0.00233489175860467 115718181253.889 44877630750.8055 -11870.2678568506 30558.2972528682
249627202.561052 302055.879830054 21959868.0168172 0.090462448018911 0.0507614765260963 48891706723.3114 113941640628.51 -30154.149339637 12859.5078246346
252635210.925801 590295.788325066 22227510.0029315 0.0908715668519442 0.127315818905905 -47188262775.0261 114306128984.592 -30290.5222839814 -12658.6063019683
255633250.306385 791768.893886345 22700997.7983233 0.0361769177731778 0.181235502253936 -114345964628.786 45758471250.8888 -12058.9725910593 -30631.8340846455
258612771.685657 784751.195017982 23254097.6070535 -0.0407819452231862 0.179626221143684 -112006731672.665 -49877990308.2674 13593.981741062 -30095.4070478946
261569409.302322 575372.526581169 23712526.8536877 -0.0933083215222643 0.123315770531184 -42213842193.7275 -114639076244.98 31102.7738407547 -11325.2568437281
264505549.528822 291543.955903106 23961165.7788797 -0.0896757706960311 0.0464858755824397 52395681365.6269 -110080467276.755 29891.9235653437 14284.7081391868
267428761.617749 103163.459313353 24011147.748985 -0.0323352602910999 -0.00460199983944893 115189180228.878 -39687873193.5018 10778.4200970333 31313.999946483
270347269.042004 121531.683225128 23990135.5944077 0.0442535693336417 0.000470257849502431 109066438924.953 54229324211.7798 -14751.1897778806 29623.2473834992
273265272.311453 335225.659181305 24066587.4712173 0.0944279650500994 0.0586806010358489 37835113606.2268 115643497425.573 -31475.9883500332 10219.799654717
276180681.53817 616298.978290584 24350757.7502466 0.0880704277872376 0.135476979396681 -55855992763.5329 107740952644.853 -29356.8092624126 -15378.993132227
279086421.106441 795556.039046993 24827680.08048 0.0285889997450208 0.184842933110527 -115608346349.003 35299761718.1823 -9529.66658167364 -31834.3110368425
281974629.302023 765458.369770571 25364945.0032894 -0.0484556790192285 0.176805730735511 -105575789923.529 -57777710981.1643 16151.8930064094 -29155.2435785035
284841359.538722 545922.872319039 25794131.0045803 -0.0965851528065882 0.116072879495567 -32397290773.0185 -115468490084.842 32195.0509355293 -8910.95983185554
287688887.831848 269974.65655843 26013530.4578709 -0.0869138281427708 0.0392733508961483 59585447813.851 -103802253700.374 28971.2760475902 16688.8830346172
290524234.424072 101709.765769948 26046737.8624094 -0.0254815206187738 -0.00763697950305853 115673744743.345 -30434772096.325 8493.84020625787 32325.6598343528
293354991.63472 139880.588050611 26025846.84285 0.0510258473131242 0.00310370423573678 102950137316.457 60828845765.2569 -17008.6157710415 28745.4319214211
296185025.85451 361382.580223276 26113623.9145136 0.0972377466612338 0.0651306662172224 29116139925.5687 115848235886.049 -32412.5822204113 8069.77792759251
299012397.722938 634304.719944005 26408273.340992 0.0855439855133817 0.141795268780288 -61857906648.0078 101830889583.077 -28514.661837794 -17485.0895934295
301830566.907129 795316.859377168 26883958.311293 0.0225269952241793 0.187391040372426 -115528619792.396 27194306085.7587 -7508.99840805984 -32683.6801241421
304632255.079426 748475.345575235 27405208.7003549 -0.0543199043848942 0.174368804181677 -99914781858.4181 -63121554836.5932 18106.6347949647 -28342.9347272255
307413773.727193 523510.606414663 27809669.2615435 -0.0989032513197295 0.110399388604809 -24926535471.561 -115108121538.958 32967.7504399098 -7019.79620160292
310177170.919317 255756.563026148 28006372.6909491 -0.0846250906723026 0.0338257162199171 64324812324.6103 -98381967897.0142 28208.3635574341 18504.7612600276
312928910.028857 103467.63023615 28027617.9652428 -0.0202211516036876 -0.0097990107709998 115087789921.276 -23516940229.6072 6740.38386789581 33046.3369236666
315676049.063182 155439.57913184 28007323.8226906 0.056071770047402 0.00519314628576598 97763806956.0461 65057569488.0558 -18690.5900158007 28048.951238078
318422259.837479 380539.143577019 28102582.1459536 0.0992475215722714 0.0699600424250916 22730618807.6529 115086947018.691 -33082.5071907572 6459.98585830281
321165856.21917 645437.611254373 28402179.0737664 0.0836371234708274 0.146415598698066 -65568870418.1319 96925599758.9295 -27879.0411569425 -19025.1995660219
323900842.702594 792527.179988903 28873065.3806737 0.0181217812768149 0.189216118160223 -114598726662.975 21411390045.9633 -6040.59375893837 -33292.039386741
326620438.338034 734711.646461124 29379084.1430014 -0.0585191908967462 0.172630841260241 -95326882153.716 -66271977565.8909 19506.396965582 -27763.6137534137
329321086.356477 507982.141713549 29763567.4374926 -0.100576048440864 0.106407169054942 -19750380571.1911 -114007782565.919 33525.3494802881 -5689.05635164739
332004517.906065 247851.362097151 29943528.2865396 -0.083096473094245 0.0300035770815663 66959879300.9412 -94082145496.2548 27698.8243647483 19778.8076394779
334676636.581502 107199.63549913 29956612.5875286 -0.016651901127129 -0.011377912260599 113843788166.948 -18867889779.2753 5550.63370904291 33572.6374201997
337344043.152203 167527.002295253 29936572.7397934 0.0595236969297219 0.00647679494933858 93734665901.5736 67247422375.1211 -19841.2323099074 27621.0683502205
340010322.996433 392940.890732748 30035307.46092 0.100725153455622 0.0730836372927467 18596703089.075 113737657663.321 -33575.0511518742 5418.78756908444
342674121.294565 650650.427541814 30334855.5982963 0.0825868545017141 0.149464182920747 -67306475847.2804 93216187096.5859 -27528.9515005714 -20041.3943069157
345329993.589963 788208.341695298 30798215.097944 0.0154450017359784 0.190563439102899 -113159113898.442 17854892758.7728 -5148.33391199288 -33741.146367633
347971590.550648 724633.050467972 31290363.246559 -0.0611720486104395 0.171803059766039 -91967350156 -67527737343.692 20390.6828701464 -27487.6865886795
350595391.730947 499020.508612067 31659600.1948179 -0.101824368019155 0.104156657349424 -16763169537.3654 -112469925635.56 33941.4560063848 -4938.88578314123
353202743.92337 245422.191945755 31828212.7810658 -0.0825152899969707 0.0276990942196356 67769602684.7386 -91027177419.9919 27505.0966656568 20546.9685934548
355798987.403934 112098.525298925 31836203.5457286 -0.0148261679400327 -0.0125706797953134 112210824900.348 -16374639428.6848 4942.05598001083 33970.2265984378
358390321.900879 175853.565403044 31815608.696505 0.0614785169481662 0.0067890914122654 90959144865.6418 67660247001.3544 -20492.8389827221 27516.9695292449
360980326.482669 398950.888437693 31913867.7895403 0.10184477266272 0.0744570243065684 16593370520.7587 112037547807.45 -33948.2575542399 4960.99189781052
363568036.730201 650674.828202699 32208855.6386113 0.082536348854448 0.151027428881665 -67314609400.9104 90770271331.5497 -27512.1162848161 -20562.4762938883
366148566.628401 782969.071035596 32662518.5774397 0.0145327655583629 0.191583111300615 -111412690345.209 16397467479.6253 -4844.25518612102 -34081.037100205
368715953.654818 718360.012169045 33142415.9153559 -0.0623526703809958 0.172005968800838 -89876337389.6924 -67111530766.5052 20784.2234603319 -27555.3229336127
371266645.928185 496234.951300937 33500953.285993 -0.10277363940034 0.103678001398921 -15834650433.6566 -110664376302.231 34257.8798001134 -4779.33379964047
373801555.264074 247861.399581759 33663130.0042107 -0.0829816939529397 0.0268517157431692 66956533472.7358 -89233686881.4115 27660.5646509798 20829.4280856103
376325451.30388 117741.582119292 33668626.0060606 -0.0147697994679405 -0.0134795592361564 110329805960.225 -15904067942.2809 4923.26648931344 34273.1864120521
378844168.054641 180436.811901924 33646491.9243649 0.061984035237465 0.00604921436120517 89431396032.6806 66481339626.821 -20661.3450791551 27763.5952129316
381361333.111959 398980.656121946 33740522.528462 0.102685764903493 0.074059731124053 16583447959.3396 110098975837.035 -34228.5883011643 5093.42295864898
383876416.168283 646011.156000126 34026841.2502492 0.0835456190574928 0.151140557432411 -65760052000.0538 89558570831.3217 -27848.539685831 -20600.1858108037
386385100.508972 777055.233150103 34468943.207256 0.0154000481141199 0.192330061612735 -109441411050.046 16899867012.2814 -5133.34937137336 -34330.0205375784
388881786.204948 715740.023391641 34938204.6719217 -0.0620818737508372 0.173278914102606 -89003007797.2258 -65169325644.5348 20693.9579169457 -27979.6380342021
391362847.349048 499208.655118417 35290289.1202953 -0.103454481190229 0.104983006558469 -16825885039.4846 -108644811997.611 34484.8270634096 -5214.33551948983
393828724.250106 254786.466463956 35450553.1938809 -0.0845168728595661 0.0274553012096219 64648177845.3356 -88632360151.965 28172.2909531886 20628.232930126
396283603.585734 124041.363243728 35455923.1985825 -0.0164919061275747 -0.0141129960420205 108229878918.745 -17316059490.5504 5497.30204252485 34484.3320140068
398732968.821718 181540.980386832 35431332.8837543 0.0610335819148658 0.00425398191917629 89063339871.0434 63822804469.9348 -20344.5273049553 28362.0060269412
401180527.642138 393459.041007147 35517687.6705718 0.103234299448137 0.0718874273358239 18423986330.9382 107926172829.548 -34411.4331493792 5817.52422139203
403626214.111536 636945.181403131 35791544.7479166 0.0855975789427932 0.149784172245055 -62738060467.7232 89473019070.0156 -28532.5263142645 -20148.0574150183
406066295.696976 770399.837061284 36220305.7931577 0.0180462262434905 0.192766158012277 -107222945687.107 19218295910.78 -6015.40874783023 -34475.3860040922
408495530.322203 716395.132224503 36680321.8398278 -0.0603256296457066 0.175584764977587 -89221377408.1806 -61777783513.8741 20108.5432152355 -28748.2549925291
410910198.83353 507512.925977378 37029809.8334402 -0.103805035269144 0.108068385953703 -19593975325.8057 -106364957431.898 34601.6784230479 -6242.79531790089
413310246.522893 266013.777860113 37192380.7716341 -0.0870663303439085 0.0295580384529372 60905740713.2824 -89081854262.3604 29022.1101146361 19927.3205156876
415699260.060653 131197.804600114 37199968.0857136 -0.0199862192584648 -0.0143881207171561 105844398466.615 -20466140069.7344 6662.0730861549 34576.040239052
418082368.719615 179639.678183462 37172275.3089022 0.0585675824156679 0.00147561669941505 89697107272.1658 59733757139.8287 -19522.5274718893 29288.1277668617
420463369.974015 382830.896882988 37247901.2711033 0.103386300483659 0.067952401017776 21966701038.9903 105431316174.45 -34462.1001612198 7129.19966074135
422842679.61732 623583.789558562 37505750.0124275 0.0885992750999623 0.146887637236316 -58284263186.201 90337572659.2953 -29533.0916999875 -19182.5457454386
425217167.354589 762670.753783887 37919292.1032753 0.0224524505404683 0.192763685626841 -104646584594.643 23202449616.5151 -7484.15018015613 -34474.5618756136
427581961.944581 719748.722655398 38371042.6310075 -0.0570002339208445 0.178809811302756 -90339240885.1465 -56957480962.9944 19000.0779736148 -29823.270434252
429933253.837911 520695.347594539 38721316.5851571 -0.103674580471766 0.112911022021765 -23988115864.8603 -103693997297.442 34558.1934905885 -7857.00734058829
432270483.046654 281516.232099136 38890171.3799897 -0.0904984933540919 0.0332558909625671 55738255966.9408 -90376247248.1144 30166.1644513639 18694.7030124776
434596616.057438 139652.484843973 38902459.4242401 -0.0252246887138587 -0.014134521904678 103026171718.662 -25200025093.4301 8408.22957128621 34491.5073015593
436916407.326633 175396.548897958 38871462.7707225 0.0544814727475534 -0.00213602762973669 91111483700.6666 54215572597.3846 -18160.4909158512 30492.0092099122
439233732.981476 367578.346028573 38933789.3880894 0.102951817597044 0.0622915629430488 27050884657.1281 102449987335.744 -34317.2725323481 9016.1456856504
441549494.484185 605904.899182606 39172288.9317794 0.0923789194064677 0.142338752455914 -52391299727.5496 91913512851.9281 -30792.9731354893 -17666.2508186381
443861183.011246 753317.103300751 39568495.9820389 0.0285716889476089 0.192110404837012 -101528701100.265 28686576304.1015 -9523.89631586965 -34256.8016123372
446164326.473231 725037.31903984 40012390.468397 -0.0519837914609909 0.18275972775007 -92102106346.6277 -50690644299.2643 17327.9304869969 -31139.9092500233
448455048.772496 538248.513321596 40366266.9160928 -0.102828924353613 0.119456066093477 -29839171107.2133 -100431754218.802 34276.3081178708 -10038.6886978257
450732288.796113 301367.931670563 40545164.2328632 -0.0945996437676891 0.0386797281259314 49121022776.4644 -92247989307.9561 31533.2145892297 16886.7572913562
452998372.213101 150042.993652253 40564898.7567863 -0.032144134673281 -0.0130999816045448 99562668782.5676 -31342203840.118 10714.7115577603 34146.6605348482
455257643.552172 169657.819339376 40530991.7952716 0.0486398923162407 -0.00634790047435334 93024393553.5265 47241213105.4721 -16213.2974387469 31895.9668247844
457514026.511577 348258.244973312 40578030.08423 0.101661623034682 0.054981090249963 33490918342.2145 98756863952.0363 -33887.2076782273 11452.969916679
459768897.498842 583819.142111691 40794046.596239 0.0966800458234307 0.135999719002027 -45029380703.9117 93901413920.8129 -32226.6819411436 -15553.2396673425
462020386.634627 741617.485400315 41170471.9018486 0.0363124287471842 0.190517239253527 -97628828466.7866 35475654491.6428 -12104.1429157281 -33725.7464178425
464264461.54923 731314.196255395 41606212.7815022 -0.0451341258881685 0.187153148436732 -94194398751.8132 -42942758445.7509 15044.7086293895 -32604.3828122439
466497223.261845 559565.342729427 41965833.946435 -0.100958853879306 0.127598891671139 -36944780909.8238 -96324840277.8333 33652.9512931021 -12752.9638903796
468717129.843054 325677.490329016 42158291.751306 -0.0990668555394468 0.0459758906960591 41017836556.9796 -94368627879.6172 33022.2851798156 14454.7031013137
470925848.65218 163153.593683933 42188554.3480824 -0.040626978328437 -0.0109595940728299 95192468772.0075 -38680517949.1848 13542.326109479 33433.1980242766
473127267.917348 163449.799825651 42152853.0943091 0.0408974410134295 -0.0108366355049839 95093733391.4348 38778161758.4432 -13632.4803378098 33392.2118349946
475325308.95944 325549.880377499 42183311.6062912 0.0991775496889931 0.0461565875543196 41060373207.4852 94082982737.1188 -33059.1832296644 14394.4708152268
477521796.109718 557241.980645885 42373968.1486224 0.101154756017207 0.127729661048141 -36170326881.9769 95942185370.6781 -33718.2520057357 -12796.5536827137
479715510.474027 726734.40874181 42727795.0017323 0.0455173143319148 0.187630257740678 -92667802913.9518 43328710850.0735 -15172.4381106383 -32763.4192468925
481902908.371698 737452.276212978 43154266.3178966 -0.0363134141814668 0.19161504597375 -96240425404.3411 -33687689053.8123 12104.4713938222 -34091.68199125
484080129.790749 583886.98420404 43520972.1857567 -0.0976935031004017 0.137162280387669 -45051994734.695 -91085328371.4524 32564.5010334672 -15940.760129223
486245190.335284 354510.856021051 43730192.1325342 -0.103501293656222 0.0552798177830332 31406714659.6346 -96349811482.9049 34500.4312187406 11353.3940723223
488399089.027168 179857.525308051 43774418.1433703 -0.0504774784734243 -0.0073302394582289 89624491563.9678 -46948715899.2156 16825.8261578081 32223.413152743
490545204.246646 157973.835304555 43738862.0339336 0.0311263633525146 -0.0151823254332737 96919054898.4663 28814627981.0541 -10375.4544508382 34840.7751444246
492687387.719944 300306.751162559 43752280.2994427 0.0951085629757328 0.0360372151054764 49474749612.465 88136092818.5447 -31702.8543252443 17767.5949648412
494827866.729572 526175.028396908 43915059.7092922 0.105358644677962 0.117413955316152 -25814676132.3181 97619750617.4871 -35119.5482259874 -9357.98510538402
496966075.807369 707779.534726721 44243122.247103 0.0559384947351776 0.183048997384786 -86349511575.5893 51941433863.4684 -18646.1649117259 -31236.3324615953
499099012.679537 742154.283515425 44658310.7405571 -0.0254197029310207 0.195672740713987 -97807761171.8238 -22935874379.1994 8473.2343103402 -35444.2469046622
501222933.923889 610249.927912089 45032494.8172925 -0.0926208202529244 0.147870816928393 -53839642637.3787 -84413529095.8933 30873.6067509748 -19510.2723094644
503335470.655928 387804.979591664 45261230.008065 -0.107404900302471 0.0666825889016881 20308673469.4299 -97747252581.2758 35801.6334341569 7552.470366104
505436955.771609 201046.315123878 45323162.5071744 -0.0613955540632404 -0.00179268074472291 82561561625.3584 -55809195961.0286 20465.1846877468 30377.560248241
507530202.104287 154590.8077478 45290580.0529186 0.0192512445871824 -0.018866293770016 98046730750.7177 17388494171.1742 -6417.0815290608 36068.7645900054
509618909.750595 273605.563500346 45287474.1095991 0.0890347796199106 0.0249515645769887 58375145499.8689 80625518585.946 -29678.2598733035 21462.8118076705
511705644.751572 490794.434750755 45420375.5568123 0.108750593002494 0.105000242625251 -14021144916.9342 98468000782.0934 -36250.1976674979 -5220.08087508372
513790483.529943 683893.714893408 45719247.4129964 0.0672121802052503 0.176353263469737 -78387571631.1517 60930543815.4042 -22404.0600684168 -29004.421156579
515871016.265283 743978.34094123 46120207.9877843 -0.012424933217134 0.198757938185648 -98415780313.7591 -10764719972.9635 4141.6444057113 -36472.6460618826
517943706.02529 637440.109156615 46501166.4818773 -0.0853173067314733 0.159325307889386 -62903036385.5544 -76026187321.114 28439.1022438244 -23328.4359631287
520005877.843691 425275.119293573 46751533.5817282 -0.110184098537594 0.0801908838340187 7818626902.12637 -98070414204.1227 36728.0328458645 3049.70538866045
522057217.795737 227542.359724629 46835104.6983141 -0.0729511845099288 0.00607649488083069 73729546758.441 -64838552959.5012 24317.0615033096 27754.5017063898
524099921.255452 154787.18129668 46809230.2877086 0.00529010339760271 -0.021276560368868 97981272901.0905 4617955956.09962 -1763.36779920092 36872.1867896227
526137443.445867 246784.420184524 46791238.7081004 0.0805415196217346 0.0133621548655781 67315526605.1427 71292556348.7291 -26847.1732072449 25325.9483781407
528172605.2956 451542.394966902 46892983.9016513 0.110701117681437 0.0905402121570313 -937131655.650185 97984608080.3899 -36900.3725604791 -400.070719010411
530206095.384789 654344.211014711 47159141.3592991 0.0788358314643505 0.167140250734555 -68537737004.9198 69822786753.7529 -26278.6104881169 -25933.4169115183
532236139.675993 741386.884944856 47542022.6735115 0.00258185149234995 0.200218605831452 -97551961648.3016 2650397381.02747 -860.617164116662 -36959.5352771506
534259505.152633 663963.221951509 47927813.7113105 -0.0753887479782023 0.170981064033342 -71744073983.8525 -65690794939.6422 25129.5826594008 -27213.6880111138
536273309.133479 466320.974507522 48201056.3404204 -0.111164557808147 0.0956819775174632 -5863324835.85693 -96800592358.2433 37054.8526027158 -2113.99250582103
538276631.715547 259992.984878302 48310188.5119905 -0.0845634923576133 0.0166613876759707 62912671707.2163 -73519039967.194 28187.8307858711 24226.2041080098
540271009.379017 160115.004665819 48295613.0666513 -0.0105999050348867 -0.0217250994682661 96205331778.0439 -9267994932.87782 3533.30167829556 37021.6998227554
542259553.016062 221460.887205206 48265625.421364 0.0692648870248551 0.00188433389859179 75756704264.9151 59946712787.6519 -23088.2956749517 29151.8887004694
544245235.685269 409215.319672544 48335904.3986499 0.110513234543802 0.0742350310686157 13171893442.4689 95654013366.6401 -36837.7448479338 5034.9896437948
546229306.558854 618638.880837885 48565967.8695894 0.090152438125326 0.155073053801993 -56635960279.3114 78051816790.3354 -30050.812708442 -21911.0179339977
548210656.592439 732825.648846022 48926115.9124109 0.0193488106353607 0.199344600619978 -94698216282.0236 17007069643.0921 -6449.60354512024 -36668.2002066593
550186455.566423 688041.785503066 49313452.1415172 -0.0625226465002946 0.182134964500554 -79770261834.3718 -53265716810.7827 20840.8821667648 -30931.6548335179
552153729.235772 509939.996819097 49609670.2224305 -0.109621097285123 0.11285695788024 -20402998939.7154 -93419670757.1328 36540.3657617078 -7838.98596007998
554111017.534315 298747.262473523 49747993.8823037 -0.0954897844816863 0.0302511766342069 49994579175.4761 -81239515348.2163 31829.9281605621 19696.2744552644
556059174.187727 172099.588324036 49750030.0157913 -0.0280756039810066 -0.0194810019502292 92210470558.6383 -23902124853.1133 9358.53466033552 36273.6673167431
558000866.571051 199519.548839374 49712273.3419873 0.0549491893988615 -0.00870575422969407 83070483720.1922 46507028787.5244 -18316.3964662872 32681.9180765647
559939100.687063 365039.197583449 49752012.3195912 0.107459656661228 0.0564806604112493 27897267472.1674 90981311431.175 -35819.8855537427 10953.1131962503
561875610.360679 576653.478187931 49943064.6158427 0.100347322988425 0.139940274063062 -42640826062.6599 84966467300.7895 -33449.1076628084 -16866.7580210206
563809960.27764 716837.139019031 50275221.7210864 0.0374175409587182 0.195410552199332 -89368713006.3601 31852369290.3931 -12472.5136529061 -35356.8507331107
565739816.088438 707650.16509516 50659425.4543028 -0.046551410670274 0.19192714035415 -86306388365.0698 -38744439184.4595 15517.1368900914 -34195.7134513835
567662241.714871 554659.768422408 50977294.5771419 -0.104826213474198 0.131197285433085 -35309589474.1525 -87450981743.9695 34942.0711580662 -13952.4284776951
569575329.478671 343721.169519565 51147785.9379726 -0.104830813245746 0.0469736723736976 35003276826.7954 -87309685166.5619 34943.6044152487 14122.1092087675
571479251.00345 192111.163310994 51172228.9404868 -0.0465651862908757 -0.0138230213475524 85539945562.9857 -38758573065.2953 15521.7287636252 34387.6737825175
573376139.112305 183058.318137006 51132282.2461094 0.0375146109380026 -0.017480411762045 88557560620.9817 31046316219.4988 -12504.8703126675 35606.8039206817
575268901.610018 320719.605072976 51143907.3682163 0.100839367249901 0.0379073491441859 42670464975.6583 83537739317.1213 -33613.1224166338 17144.2169519381
577159655.755386 528763.668139738 51293879.1234495 0.108463598383315 0.12172441953851 -26677556046.5955 89853809310.0311 -36154.5327944383 -10794.8065128366
579048622.46264 692209.211921321 51592492.1055401 0.056087567455987 0.187738380657456 -81159403973.7899 46569573780.0026 -18695.8558186623 -32799.4602191519
580934042.389058 720598.087755079 51967545.8245043 -0.0275230287845036 0.1993635784184 -90622362585.0426 -22300530501.5309 9174.34292816787 -36674.5261394665
582813154.564422 598504.66922321 52304060.9660386 -0.0961192593175206 0.149931886094531 -49924556407.7528 -78512287121.57 32039.7531058402 -20197.2953648436
584683722.424075 394262.082315668 52508614.3417207 -0.111558966680242 0.0667219304897399 18156305894.7611 -90991238164.1317 37186.3222267475 7539.35650342009
586545266.668472 221201.09565282 52561384.86974 -0.0652375425968017 -0.00411342193476108 75843301449.0438 -53144629898.6521 21745.8475322672 31151.1406449204
588399311.610596 174283.75882337 52526088.1030894 0.0171309011997041 -0.0233935174433256 91482413725.5269 13834414048.5595 -5710.30039990138 37577.8391477753
590248530.448478 278451.209031473 52513749.7177482 0.090054939317298 0.0194055389402885 56759930322.8259 73016942850.2184 -30018.313105766 23311.4870199039
592095298.654217 475968.202808736 52621851.5118666 0.113442484673038 0.100674140198013 -9079067602.92838 91979765344.5137 -37814.1615576794 -3778.04673267097
593940445.10229 658153.899315738 52881494.8074453 0.074397255857189 0.175779792143905 -69807633105.2625 60380458078.3026 -24799.0852857297 -28813.2640479684
595782842.204796 724670.532338977 53240219.9448631 -0.00577306083692376 0.203365601852571 -91979844113.0089 -4328005306.95627 1924.3536123079 -38008.5339508568
597620039.838997 639014.317872475 53590507.6325082 -0.0829957758489462 0.168023819357151 -63427772624.1749 -66378825591.5417 27665.2586163154 -26227.9397857169
599449614.033173 449029.695034633 53829470.9369311 -0.11457557132046 0.0890810881179684 -99565011.5606613 -91548544165.6903 38191.8571068199 86.30396067728
601270500.43116 259909.436518797 53916134.8720452 -0.0829931766290002 0.0101076927669611 62940521160.3844 -66210528858.567 27664.3922096667 26410.7690776797
603083567.261982 175348.66985837 53893358.6512022 -0.00571048431167064 -0.0253436567938332 91127443380.5267 -4625328261.94594 1903.49477055686 38227.8855979445
604891120.323721 240870.203661835 53863072.0840331 0.0747091944132912 0.00212859842905012 69286932112.7052 59299121076.6208 -24903.0648044304 29070.4671903167
606695648.022396 419984.492393286 53930239.7999374 0.114193802381202 0.0773721719358914 9582169202.22136 90648714084.0615 -38064.600793734 3989.27602136959
608498505.589182 614504.645486432 54146147.2955549 0.0911306910999305 0.159216026648702 -55257881828.8273 72368643995.7888 -30376.8970333102 -23292.0088829005
610299223.511547 717826.64895509 54480539.270174 0.0180114364529879 0.202850665167956 -89698549651.7132 14530028966.569 -6003.81215099599 -37836.8883893185
612095787.020199 673331.394397898 54837789.4583691 -0.0652128182740904 0.18418668732093 -74866798132.6491 -51051709020.8924 21737.6060913635 -31615.5624403099
613885742.397223 505916.390590717 55109508.0471724 -0.112801536713398 0.1132661623782 -19061796863.5889 -88319704025.8651 37600.5122377993 -7975.3874593998
615667542.117451 308058.698891067 55234684.4046269 -0.0984875556727162 0.0290124304806967 46890767036.2943 -76983164026.0058 32829.1852242387 20109.1898397679
617441385.840479 188130.834508728 55232931.9949104 -0.0301370542399376 -0.0222713380970269 86866721830.4074 -23573964551.6131 10045.6847466459 37203.7793656757
619209093.50638 210933.80747466 55192584.3557316 0.0547157818127784 -0.0125382357253463 79265730841.7634 42517579639.9987 -18238.5939375928 33959.4119084488
620973108.052116 363293.363912951 55221890.0724167 0.109699664273506 0.0527874825937088 28479212028.9996 85281357431.7275 -36566.5547578354 12184.1724687638
622735196.250497 561912.097415932 55390572.843089 0.104860489577841 0.138068035518009 -37727032471.9939 81528750606.8908 -34953.496525947 -16242.6785060028
624495535.824952 698452.306950029 55692309.1139453 0.0427485342981203 0.196845895294341 -83240435650.0262 33372903036.6941 -14249.5114327068 -35835.298431447
626252649.718587 698373.286082838 56047880.107217 -0.0429014767450251 0.196940744379011 -83214095360.9624 -32823912774.3609 14300.4922483417 -35866.9147930037
628004218.656708 562034.541569899 56348310.7860772 -0.105301820334236 0.138084836168308 -37767847189.9829 -80805752546.9013 35100.6067780785 -16248.2787227691
629748347.497394 364558.228029287 56514999.7881287 -0.110197413740652 0.0523695964859685 28057590656.8879 -84428599471.4979 36732.4712468838 12323.4678380106
631484596.776145 213960.60631455 56542825.2921779 -0.0548635029287956 -0.0132904410102482 78256797895.1335 -41998267069.0383 18287.8343095986 34210.1470034161
633214208.238163 191714.719028093 56501995.9407135 0.0304131075819202 -0.0230529059953887 85672093657.2859 23119343000.8489 -10137.7025273067 37464.301998463
634939417.806273 309107.221575762 56498962.9211391 0.0991503602564546 0.0282970608122338 46541259474.7295 75507087381.3741 -33050.1200854849 20347.6463959221
636662259.244812 502010.433788568 56618870.2155048 0.114035395127227 0.112805345398844 -17759811262.8724 86844204220.7703 -38011.7983757422 -7821.78179961462
638383505.071756 665650.206288702 56879990.0361196 0.0669534421900525 0.184631139087839 -72306402096.2504 51062961666.7422 -22317.8140633508 -31763.7130292795
640102285.381469 711094.579139345 57223734.1432061 -0.0166726052513209 0.204716524001894 -87454526379.7981 -12333132809.9802 5557.53508377363 -38458.8413339645
641816573.841022 613799.425353043 57546204.5903404 -0.0914385178890303 0.161941396707877 -55022808451.0306 -68771774592.328 30479.5059630101 -24200.4655692922
643524290.311282 427253.123510783 57755093.6838055 -0.116537877660391 0.0794395044695217 7159292163.05591 -87545678981.0394 38845.9592201302 3300.16517682617
645224431.169881 253316.921821453 57820341.7252582 -0.0782045540513522 0.00215205105541601 65138026059.4994 -58664834400.6943 26068.1846837841 29062.6496481947
646917605.375001 186106.262419305 57789889.4807654 0.00266518759472949 -0.0278430673190834 87541579193.5487 1908638566.69849 -888.395864909824 39061.0224396945
648605689.821201 261236.431893623 57762639.0072538 0.0821054413754524 0.00566087545706626 62498189368.7761 61263281528.8028 -27368.4804584841 27893.0415143113
650290818.280838 437519.267988953 57834798.1196849 0.117118234648574 0.0844366001013842 3737244003.66593 87393366568.7685 -39039.4115495247 1634.46663287199
651974262.859048 619539.07801711 58048528.0119602 0.0887815577921807 0.165901990569957 -56936026005.7197 66283045674.7861 -29593.8525973936 -25520.6635233189
653655787.921168 708835.304336599 58369370.1345644 0.0123032057145754 0.206009231279704 -86701434778.8826 9411484818.782 -4101.06857152512 -38889.7437599012
655333799.078016 657132.473503988 58704564.9454059 -0.071040054468178 0.182897963619119 -69467157834.679 -52348949542.3886 23680.0181560594 -31185.9878730396
657006209.995074 492859.285147561 58953397.3865986 -0.116032683018346 0.108900468735602 -14709428382.5368 -85488702484.8972 38677.5610061154 -6520.15624520069
658671572.42394 305525.646699713 59062300.1205102 -0.0981494618113763 0.0241020552833901 47735117766.746 -72195123632.8248 32716.4872704588 21745.9815722033
660329855.508446 196446.561944332 59053686.2020164 -0.0270726406346159 -0.0254858874929825 84094812685.2064 -19940150174.6472 9024.21354487197 38275.2958309942
661982449.104017 223834.010260233 59012839.4689768 0.0586651926207928 -0.0130661565523552 74965663246.5728 42889661828.4814 -19555.0642069309 34135.3855174518
663631408.837225 372242.128860441 59041389.1884212 0.112773838780873 0.0545599979254598 25496290379.8369 82479106588.9064 -37591.2795936245 11593.3340248468
665278371.420443 561520.914351231 59203058.3659863 0.106136598199627 0.140935740623371 -37596638117.0931 77635923519.3332 -35378.8660665422 -17198.5802077904
666923713.603893 689733.464493386 59489833.4287107 0.0422640985504967 0.199579938071132 -80334154831.1449 31042523227.7623 -14088.0328501655 -36746.6460237105
668566378.447842 687798.808324167 59826082.0941506 -0.0445657463360672 0.198805943660925 -79689269441.4052 -32121809134.5226 14855.2487786891 -36488.647886975
670204453.829243 557028.95263487 60109195.4832767 -0.107530973273844 0.138831989952819 -36099317544.9728 -77711056912.0072 35843.6577579479 -16497.3299842728
671836204.569389 368508.995980203 60265400.828208 -0.112511487237911 0.0519333578868467 26740668006.5827 -81185971096.5192 37503.8290793037 12468.8807043845
673461006.67278 224087.544882462 60289745.4637297 -0.0567491567148896 -0.0149337317663891 74881151705.8299 -40914245867.9478 18916.3855716299 34757.9105887965
675079673.713569 201009.985495174 60248009.5812348 0.0296287078900241 -0.0256975652608722 82573671501.5927 21201616546.1253 -9876.23596334133 38345.8550869575
676694008.698176 310923.397005555 60240525.2930752 0.100097575064211 0.0253488104453051 45935867664.7988 71771272223.1375 -33365.8583547371 21330.3965182317
678305845.972062 494464.626226198 60348483.0438808 0.116852910805419 0.110735213759257 -15244542075.4154 83785866424.1975 -38950.9702684731 -7131.73791975224
679916101.115818 653161.275088164 60591001.7392777 0.0708977513521273 0.184689949437066 -68143425029.404 50899696595.7551 -23632.5837840424 -31783.3164790219
681524314.134883 701874.734782524 60914922.6122418 -0.0132372368289475 0.207513543298094 -84381244927.5239 -9181346891.39 4412.41227631584 -39391.1810993646
683128912.133462 614585.926147191 61223076.6178133 -0.0904527259804738 0.166779775720586 -55284975382.413 -64114423217.9731 30150.908660158 -25813.2585735287
684728056.801626 438646.870928349 61426722.4425195 -0.119157205593417 0.0842234633402013 3361376357.20097 -84373839426.1681 39719.0685311391 1705.51221993297
686320632.033635 268955.785252049 61493636.0430014 -0.0838001409586889 0.00423398807629137 59925071582.6344 -59251485356.5185 27933.380319563 28368.6706412363
687906837.627602 196325.170655387 61465023.9625318 -0.0033939148887849 -0.0301580036599381 84135276448.1884 -2476925445.85177 1131.30496292831 39832.6678866461
689488070.552843 258933.441381437 61432524.9322805 0.0788634162498461 -0.000552460721598019 63265852872.8386 55445198326.2551 -26287.8054166154 29964.1535738661
691066176.576805 422748.72751452 61488941.3077831 0.118952037658089 0.0771183508642254 8660757495.14426 83635734399.1826 -39650.6792193631 4073.88304525824
692642487.380931 600125.448889391 61679209.6983391 0.0954757491278253 0.16134330206186 -50464816296.4795 67155470477.5 -31825.2497092751 -24001.1006872867
694217144.167029 696315.879922375 61976725.9307389 0.0208972618008387 0.207143947895764 -82528293307.474 14876669287.3018 -6965.7539336129 -39267.9826319214
695789045.337933 659953.832115811 62297332.276705 -0.0650321180307631 0.189922721857431 -70407610705.286 -45180898640.5112 21677.372676921 -33527.573952477
697356442.325712 510815.831512888 62544316.8094229 -0.11630698646537 0.118708001408811 -20694943837.6452 -80831996717.7626 38768.9954884567 -9789.33380293702
698917876.15555 329174.314245599 62660601.3076782 -0.105339496334258 0.0315666554459116 39852228584.7847 -73093999473.5467 35113.1654447528 19257.7815180295
700472955.858427 212199.516206006 62659275.0870742 -0.0379538169197429 -0.0247953516892438 78843827931.3155 -26341655165.8379 12651.272306581 38045.117229748
702022558.061588 221768.472837972 62615811.7791271 0.0497570505495973 -0.0202400466178418 75654175720.6603 34293264991.173 -16585.6835165324 36526.6822059473
703568351.788468 352107.531904376 62627219.1450757 0.110960163680066 0.0427170827096353 32207822698.5257 76524544099.4334 -36986.7212266886 15540.9724301216
705111921.338542 533556.419346319 62760690.8180468 0.11309497660735 0.130500561756715 -28275139782.1221 78001484885.5591 -37698.3255357833 -13720.1872522384
706653953.866884 669567.760512805 63018380.8572492 0.0550013730407801 0.196423958838195 -73612253504.284 38026531090.1284 -18333.7910135934 -35694.6529460649
708193902.336962 687773.285961656 63336218.9025309 -0.0325164064690148 0.205350765197293 -79680761987.2345 -22059821316.4218 10838.8021563383 -38670.2550657645
709730289.517459 578664.065225792 63617837.18584 -0.102880359923946 0.152351395140732 -43311021741.9463 -70178974929.4537 34293.4533079821 -21003.798380244
711261497.699637 400832.528999626 63786212.6231237 -0.118466458349828 0.0655530466412621 15966157000.1089 -80704743761.4055 39488.8194499427 7928.98445291267
712786630.825356 249301.037555721 63824999.4501901 -0.0708589732219774 -0.00873380403129845 66476654148.0773 -48215224358.0462 23619.6577406591 32691.2680104329
714305986.116249 204378.560720721 63786747.2918246 0.0145467152422137 -0.0308769883853629 81450813093.0771 9781892945.12714 -4848.9050807379 40072.3294617877
715820886.220576 289237.803336377 63764170.0737152 0.092255683501482 0.0108500118274559 53164398887.8587 62421354714.9406 -30751.894500494 26163.3293908481
717332978.363956 458403.83490392 63840866.122247 0.121025634876318 0.0942170053651935 -3224278301.32249 81886106532.4015 -40341.8782921062 -1625.66845506445
718843383.058795 622132.350462588 64047547.4265416 0.0856222877721388 0.175025847695201 -57800450154.2118 57972187547.6943 -28540.7625907129 -28561.9492317335
720352130.457268 693666.228078419 64345993.4151529 0.00472993195216384 0.210445054269892 -81645076026.1554 3420686174.64435 -1576.6439840546 -40368.3514232973
721858163.757596 635157.024727117 64649102.0741258 -0.0788407154148311 0.181563270134147 -62142008242.3882 -52765864490.1868 26280.2384716104 -30741.0900447157
723359905.902192 477998.286689006 64867165.5007866 -0.120676025305397 0.103542094774329 -9755762229.68437 -80731794994.3652 40225.3417684657 -4734.03159144285
724856097.942184 306013.082676561 64955873.00178 -0.0984233872241886 0.0177816082710652 47572639107.7973 -65744365714.5975 32807.7957413962 23852.7972429783
726346465.01012 210374.11916845 64939714.2762869 -0.0238641297868435 -0.0301186137301241 79452293610.5011 -15974995263.4215 7954.70992894785 39819.5379100414
727831853.666396 241148.244605007 64898245.5851838 0.0633965687680976 -0.01475750550941 69194251798.3154 42082773300.7467 -21132.1895893658 34699.1685031367
729313778.189556 381460.213851666 64923545.5941944 0.117145312376601 0.055652820130295 22423595382.7625 77781146615.7 -39048.4374588669 11229.0599565684
730793631.913975 556982.683003097 65071923.5170734 0.109013913562382 0.143868253289846 -36083894334.3812 72391880258.3462 -36337.9711874608 -18176.0844299485
732271978.549323 675062.93420685 65334643.957875 0.043266909151331 0.203329407506926 -75443978068.9655 28843560150.2846 -14422.3030504437 -37996.4691689752
733748279.159518 673387.106342513 65642473.5762144 -0.0454767580430391 0.202572235086568 -74885368780.8533 -29802083095.7271 15158.9193476797 -37744.0783621891
735221188.145677 553054.545067738 65902125.5100364 -0.110333074391405 0.141828265440355 -34774515022.5949 -72489500727.0614 36777.6914638016 -17496.0884801181
736689267.437465 378102.756779219 66045866.5772143 -0.116880047804556 0.0531177561484333 23542747740.2448 -76683791100.0775 38960.0159348519 12074.0812838556
738151746.962073 241205.051289332 66067526.032819 -0.061557685514792 -0.0165950713772608 69175316236.8739 -40350972005.3105 20519.2285049307 35311.690459087
739608926.434149 214273.926542784 66025251.3741528 0.026359154490628 -0.0304126440190975 78152357819.0567 17135382958.1686 -8786.38483020929 39917.5480063659
741062008.919677 310855.106127709 66010147.2455947 0.100413068338354 0.0189058022602599 45958631290.7486 65442886300.1837 -33471.0227794514 23478.0659132467
742512468.881504 479709.06672153 66098301.5714262 0.121608109171922 0.105308429938754 -10326022240.5251 79252806094.5355 -40536.0363906405 -5322.8099795846
743961295.945946 631967.008489909 66311269.7052454 0.0788088000823911 0.183337133434873 -61078669496.6515 51409495545.1108 -26269.6000274636 -31332.3778116242
745408500.737072 687585.084463652 66604923.6481964 -0.00554805712447709 0.211941662373668 -79618028154.5656 -3377396011.35017 1849.35237482574 -40867.2207912225
746853126.527973 617406.624819735 66892485.0386106 -0.0871423666641505 0.175942020107437 -56225208273.2601 -56210239344.3131 29047.4555547169 -28867.3400358122
748293758.870222 458721.142396262 67090294.1623225 -0.122936245408053 0.0941429886620216 -3330047465.43562 -79244585336.8579 40978.7484693509 -1600.99622067384
749729272.0924 295450.697749943 67162201.0449347 -0.0939372196019145 0.00962200019409803 51093434083.3374 -60463965016.1318 31312.4065339716 26572.6666019674
751159420.17778 213430.728575525 67138448.0690535 -0.0153908953175359 -0.0330293988718114 78433423808.1435 -9956498961.83565 5130.29843917869 40789.7996239372
752584958.92915 255201.211063033 67099072.7259855 0.0713097795758217 -0.0113678302043042 64509929645.6408 45621156862.7911 -23769.9265252739 33569.2767347681
754007244.253976 398291.011204423 67131513.7721611 0.120600564637455 0.0631524223107699 16813329598.5112 77163129236.2659 -40200.188212485 8729.19256307674
755427531.07991 567505.521063655 67285115.5281685 0.106663594825765 0.151413868945874 -39591507021.2328 68258683039.0229 -35554.5316085883 -20691.2896486245
756846339.164944 674209.479545815 67545682.4587693 0.0367765518892547 0.207178594415058 -75159493181.9527 23655141742.5806 -12258.8506297515 -39279.5314716859
758263202.620717 662544.330685074 67842860.8020659 -0.0525232394043187 0.201157377677359 -71271110228.3725 -33210114841.6644 17507.7464681063 -37272.4592257863
759676924.922103 538845.404126365 68086919.4052133 -0.114410358695355 0.136348988662412 -30038134708.8025 -72462334948.2297 38136.7862317852 -15669.6628874705
761086209.826059 368391.02600306 68216082.7164861 -0.11628645457259 0.0466678216993343 26779991332.2992 -73548270117.475 38762.1515241967 14224.0594335553
762490341.836707 240745.989822734 68229093.4669672 -0.0570711272267089 -0.0207731391029365 69328336725.7413 -36070138176.3106 19023.7090755697 36704.3797009789
763889557.058211 222432.444305 68185399.3516875 0.0321469118678395 -0.0305482903936937 75432851898.3192 20163193713.1928 -10715.6372892798 39962.7634645646
765284912.392672 322423.032916692 68173416.9248232 0.104581244698935 0.0224170530955063 42102655694.422 65711015368.3011 -34860.414899645 22307.6489681646
766677734.144929 488104.744526808 68264334.6544938 0.122370663635149 0.110360306610264 -13124581508.9501 76883334771.6168 -40790.2212117163 -7006.7688700879
768068941.873124 632935.337379494 68475413.884855 0.0762424161231978 0.187351581182312 -61401445793.1787 47953754977.7416 -25414.1387077325 -32670.5270607705
769458591.462362 681362.261737087 68761159.8225147 -0.00978651649287414 0.213187399450097 -77543753912.3763 -5911128624.32844 3262.17216429143 -41282.4664833655
770845862.041904 608216.264826239 69036923.6137328 -0.0908493520571424 0.174256194099988 -53161754942.0933 -56519476983.7128 30283.1173523808 -28305.3980333294
772229491.182496 452034.58197674 69223200.5482015 -0.124514788115754 0.0907590634098262 -1101193992.26035 -77407315138.7518 41504.9293719181 -473.021136608717
773608436.634079 294759.791933156 69287469.2501417 -0.0930491926906489 0.00633208028931628 51323736022.2676 -57765222701.2213 31016.3975635497 27669.3065702279
774982419.644612 218449.106129927 69261045.3459331 -0.0128658051073376 -0.0348199935747281 76760631290.0106 -8040043033.06911 4288.60170244592 41386.6645249094
776352064.393428 262382.684956126 69222111.3181177 0.0741014038764793 -0.0111966638809695 62116105014.611 45725984411.2222 -24700.4679588264 33512.2212936565
777718568.082566 403154.363041865 69254626.71583 0.122480793614698 0.0648149222112887 15192212319.3647 75581995927.9603 -40826.9312048994 8175.02592957048
779083085.429713 567330.467385988 69404941.4363264 0.107115466488569 0.153602478573246 -39533155795.3427 66112413255.7386 -35705.1554961896 -21420.8261910819
780446147.947153 669556.147415091 69658079.1971887 0.0359815382428297 0.208989757596599 -73608382471.7103 22325158968.8455 -11993.8460809432 -39883.2525321997
781807407.400689 656732.392258484 69945501.7038376 -0.0539963338508066 0.202108993127504 -69333797419.5081 -32944039153.4655 17998.7779502689 -37589.6643758346
783165827.862802 535741.175813297 70180676.3159437 -0.115993335161178 0.136394079454607 -29003391937.779 -70881817587.6652 38664.4450537262 -15684.6931515356
784520228.852527 369928.79046519 70304345.8118382 -0.117605440924623 0.0459743178113287 26267403178.2568 -71770923831.8413 39201.8136415411 14455.2273962238
785869900.809083 245768.100774982 70315525.9516172 -0.0578921118311445 -0.0220117910120735 67654299741.6596 -35304408636.8982 19297.3706103815 37117.2636706912
787214971.026119 227514.690057767 70271608.4542651 0.0320393532901787 -0.0321113067522928 73738769980.7313 19390945807.1265 -10679.7844300595 40483.768917431
788556331.212448 324079.451865612 70257967.9910232 0.105371364547509 0.0208933501478896 41550516044.7829 63883470839.8737 -35123.7881825029 22815.5499507035
789895174.653661 485008.045551853 70343644.4454429 0.124042215037298 0.109418792728779 -12092348517.2972 75195407987.0626 -41347.4050124327 -6692.93090959292
791232390.699312 626843.020319114 70545985.2241115 0.0783933788809213 0.187556457534473 -59370673439.7176 47570773214.3568 -26131.1262936404 -32738.8191781576
792568124.134519 676148.522592316 70821861.3278554 -0.00796833146587833 0.214805443054783 -75805840864.1181 -4609788719.86533 2656.11048862615 -41821.8143515943
793901715.664734 607488.459488045 71089899.7130973 -0.0903333599631081 0.176936559981753 -52919153162.6945 -54241563746.8856 30111.1199877027 -29198.8533272509
795232050.810642 456759.016334228 71272721.6579719 -0.125922016084764 0.093452794383024 -2676005444.75514 -75564833770.3172 41974.0053615882 -1370.93146100794
796558140.467675 302448.947199283 71337333.3992269 -0.0961356950111445 0.00764782895759647 48760684266.893 -57611133238.3377 32045.2316703816 27230.7236808012
797879633.309377 224509.547193745 71312145.761662 -0.0163813497513094 -0.035886058708098 74740484268.7392 -9861199585.37233 5460.44991710315 41742.0195693661
799196992.940126 262831.1530651 71271700.5565916 0.0719399960678046 -0.0145553564931303 61966615644.9543 42851502887.9181 -23979.9986892682 34631.7854977102
800511253.387664 397088.735780058 71297744.6964033 0.123069976418401 0.0605360914148644 17214088073.3014 73308796730.0538 -41023.3254728003 9601.30286171191
801823489.772428 557719.363611316 71437232.9785615 0.110603726919182 0.150524227544048 -36329454537.1178 65891099870.8834 -36867.9089730608 -20394.7425146827
803134279.509332 661810.672197675 71678467.4437282 0.0409758190629161 0.208938076305279 -71026557399.2374 24514927504.8596 -13658.6063543053 -39866.0254350929
804443422.440461 655696.933648495 71957162.159334 -0.0499245875258903 0.205570263294146 -68988644549.5109 -29397036880.5597 16641.5291752968 -38743.4210980485
805750055.517754 542725.753829315 72189551.190779 -0.115150463201363 0.142027537186084 -31331584609.784 -67948516655.154 38383.4877337878 -17562.5123953614
807053103.378494 381602.539398177 72315842.9944788 -0.120879788026966 0.0510559221701532 22376153533.9287 -71241021590.5231 40293.2626756552 12761.3592766156
808351835.491038 255762.797354461 72331276.9852215 -0.0640403084693438 -0.0202791929599366 64322734215.1676 -37709445180.4416 21346.7694897813 36539.7309866456
809646241.291307 229929.66538197 72288259.7378094 0.025987230112039 -0.0350415940377453 72933778205.9979 15177039709.4441 -8662.4100373463 41460.5313459151
810937030.209785 316897.010649701 72268789.5435016 0.102664457844145 0.0143738878256747 43944663116.754 60106796164.589 -34221.4859480483 24988.7040581085
812225264.664905 471490.692853536 72342121.4095499 0.126458517244261 0.102426360085095 -7586564284.52416 74026460586.829 -42152.8390814204 -4362.12002836484
813511822.800042 614079.720863588 72529499.0149428 0.0851450713429136 0.183760534155587 -55116240287.8747 49880957754.7412 -28381.6904476378 -31473.5113851955
814796964.094748 671370.860317938 72793471.4024036 -5.08006585424742E-05 0.216523685792497 -74213286772.6581 161667394.551231 16.9335528475131 -42394.5619308322
816080211.01358 614000.625465865 73057082.7432745 -0.0853433123107758 0.183771825171481 -55089875155.3005 -49493688612.4991 28447.7707702586 -31477.2750571604
817360602.759182 471758.816165948 73243487.1503814 -0.126776791979807 0.102233807376585 -7675938721.9949 -73498427085.2727 42258.9306599356 -4297.93579219508
818637193.130328 318184.490884587 73315735.5315667 -0.10288120347061 0.0138667345378276 43515503038.459 -59564361841.9758 34293.7344902032 25157.7551540575
819909537.883931 232333.965336111 73295774.8605133 -0.0258980300015162 -0.0357446398104546 72132344887.9509 -15020380335.3052 8632.67666717208 41694.8799368183
821177919.612777 257952.938954414 73252687.6946625 0.0645018740989477 -0.0210192195820693 63592687015.1832 37114413900.3273 -21500.6246996492 36786.4065273565
822443197.925845 381387.438475195 73266808.1040477 0.121795835471284 0.0504251452382865 22447853841.5898 70087596674.2711 -40598.6118237613 12971.6182539046
823706370.713155 539072.148566985 73388650.0117168 0.116586865378684 0.141854098243395 -30113716189.007 67090910800.3133 -38862.2884595614 -17504.6994144648
824968075.248906 650171.156286839 73613385.0257466 0.0515568104525618 0.206372592557735 -67146718762.2918 29752798277.2877 -17185.6034841873 -39010.8641859117
826228278.07674 657814.253064319 73883408.6839894 -0.0400037513370153 0.210873871403603 -69694417688.1183 -22726249842.4704 13334.5837790051 -40511.2904678675
827486304.035938 558249.20826227 74117786.5031863 -0.111161434938857 0.152935040110153 -36506069420.7687 -63388178757.6942 37053.8116462856 -21198.3467033841
828741188.198342 402848.954976351 74253881.134367 -0.125314544816154 0.0621780726858754 15294015007.8712 -71382607703.7809 41771.5149387181 9053.97577137492
829992172.996221 271545.041295975 74279659.210212 -0.0750790225332055 -0.0148011263309994 59061986234.6632 -42720974606.5259 25026.3408444018 34713.7087769999
831239095.623085 231491.658915401 74239644.1178164 0.0137847694900229 -0.0384241889173748 72413113694.8544 7750743125.36201 -4594.92316334095 42588.0629724583
832482466.991535 302725.912515723 74211605.0477322 0.0956564188443097 0.003428143146716 48668362494.7471 54124696950.8816 -31885.4729481032 28637.2856177614
833723207.64571 448402.611406643 74266584.7632793 0.128593846627153 0.0892642607687403 109462864.440529 72747379566.2358 -42864.6155423844 25.246410419968
834962183.321445 593953.226583591 74432888.0461993 0.0957803705215494 0.1751552362198 -48407408861.2088 54209645335.7963 -31926.7901738498 -28605.0787399332
836199777.026672 665078.276646191 74681911.8052628 0.0139706866188053 0.217211496848116 -72115758882.0756 8057263978.31042 -4656.89553960175 -42623.8322827052
837435708.025882 625550.999131938 74942735.875059 -0.0750870820359907 0.193884671807638 -58939999710.658 -42078069672.3317 25029.0273453302 -34848.2239358793
838669184.311669 495794.148419898 75138330.1850929 -0.125852013317912 0.116973178264709 -15687716139.978 -70543251430.1844 41950.6711059708 -9211.05942156956
839899311.50328 342430.798491719 75225106.1391814 -0.112246228348569 0.0257439058720929 35433400502.7485 -62835383891.5 37415.4094495229 21198.6980426358
841125551.07491 243923.832332987 75215246.285427 -0.0411387616237091 -0.0330909724518302 68269055888.9923 -23031353721.288 13712.9205412363 40810.3241506101
842347993.064981 250270.465036395 75170112.5013141 0.0510968671683126 -0.0293921740436435 66153511654.5232 28417561263.065 -17032.2890561042 39577.3913478812
843567305.776465 357753.338441824 75168512.6610629 0.117302297717058 0.0349258998050161 30325887186.0466 65261971716.1406 -39100.7659056861 18138.033398328
844784395.19114 511312.294433802 75266567.1173205 0.123715829603237 0.127000506203439 -20860431477.9461 68822073557.9137 -41238.6098677457 -12553.502067813
845999952.689173 632730.089935152 75469481.7458818 0.0670919071671789 0.199910324688494 -61333029978.3959 37383164156.9902 -22363.9690557263 -36856.7748961645
847214117.617004 660279.046505334 75729065.380142 -0.0237705853874965 0.216519172407877 -70516015501.7899 -12986884548.4212 7923.52846249883 -42393.0574692922
848426418.638154 580078.239515258 75968197.086386 -0.102637205132017 0.168279765569163 -43782413171.7648 -56595131052.7352 34212.4017106723 -26313.255189721
849636020.572041 433238.831985086 76120151.1381675 -0.129266394965873 0.0796534766485947 5164056004.9593 -71224538216.7358 43088.7983219576 3228.84111713516
850842152.738876 294798.076428146 76162758.3943401 -0.0899634313316129 -0.00420810673844303 51310974523.9394 -49508343167.7049 29987.8104438709 31182.7022461477
852044501.397634 235181.341113762 76129591.3497868 -0.00470819273887306 -0.0404946207057257 71183219628.734 -2646720740.47014 1569.39757962432 43278.2069019086
853243366.067116 284312.864877131 76092441.4533655 0.0830330691379697 -0.0106912297353266 54806045040.9441 45438765781.6653 -27677.6897126566 33343.7432451089
854439503.917555 416798.290063527 76124556.2766682 0.128588871001125 0.0699934282954444 10644236645.4789 70354807729.6088 -42862.9570003749 6448.85723485195
855633748.225078 565202.729909769 76263644.3707731 0.108834862599721 0.160520624646422 -38823909969.9352 59556703038.7848 -36278.2875332403 -23726.8748821406
856826596.594495 654262.487383747 76493061.6146486 0.0338049272613657 0.214937035254169 -68510495794.5947 18607310723.4841 -11268.3090871219 -41865.6784180563
858017972.190814 638898.747073665 76750311.9339325 -0.0584715248076807 0.205596043452441 -63389249024.5672 -31663632574.8538 19490.5082692269 -38752.014484147
859207272.73557 527095.357613667 76958703.4195641 -0.121165391305859 0.137130401146352 -26121452537.9012 -65710093020.9325 40388.4637686196 -15930.1337154505
860393681.366394 375878.527198816 77066390.7442726 -0.122346321465993 0.0442181711145165 24284157600.3824 -66274621017.719 40782.1071553308 15040.6096284946
861576583.216268 262149.58523701 77072797.6007761 -0.0613051165585402 -0.0259243312075841 62193804920.9841 -33183424876.584 20435.0388528467 38421.4437358614
862755876.234848 243399.916330361 77028663.094771 0.0309727281066886 -0.037606334290768 68443694556.534 16647421111.2824 -10324.2427022296 42315.4447635894
863932019.209698 328689.372681983 77009896.6500545 0.107613181123304 0.0151034350909691 40013875772.66 57928438372.9665 -35871.0603744348 24745.5216363437
865105797.742955 474497.199794254 77079042.2865095 0.12976276193421 0.105437363040436 -8588733264.76402 69835015511.023 -43254.2539780701 -5365.78768014523
866277932.317189 606988.811572646 77253926.9953689 0.0862362625763494 0.187642677138636 -52752603857.5614 46446278084.1982 -28745.4208587832 -32767.5590462119
867448725.935571 659244.338564517 77498887.2429902 -0.000961673369047567 0.220137749317382 -70171112854.8515 -340905926.09185 320.557789682483 -43599.2497724607
868617923.178619 604970.689405684 77742785.3019471 -0.0877727344887676 0.18642948242278 -52079896468.574 -46821567102.9057 29257.5781629225 -32363.1608075933
869784847.420446 471842.320259021 77914978.3211024 -0.130250282911711 0.103458487753925 -7703773419.68652 -69468238318.1243 43416.7609705701 -4706.16258464157
870948747.045431 327457.696941785 77981198.028807 -0.106781909210567 0.0131661048119813 40424434352.7254 -56880545467.2378 35593.9697368558 25391.2983960063
872109176.609632 244875.503726822 77960884.1939926 -0.0291639288320227 -0.0386895328622763 67951832091.0466 -15551676847.3352 9721.30961067421 42676.5109540921
873266219.919208 265526.671980244 77917015.1903027 0.0633114626364673 -0.0258123119432641 61068109339.9057 33528072074.4077 -21103.8208788225 38384.1039810881
874420444.23961 378553.609844709 77923960.2158339 0.123850516566474 0.0452665612676199 23392463385.0843 65585861763.2278 -41283.5055221581 14691.1462441267
875572614.395774 526698.735027542 78030020.8594342 0.121893974303008 0.138608071010328 -25989245009.1935 64543939088.3177 -40631.3247676693 -16422.690336776
876723314.73541 635281.026975685 78233395.5119604 0.0584503632909514 0.207123265281865 -62183342325.2412 31020242304.5292 -19483.4544303172 -39261.0884272882
877872666.661416 649680.424422869 78483235.0453335 -0.0345266059772068 0.216264037206264 -66983141474.3028 -18031903850.3468 11508.8686590689 -42308.0124020879
879020278.103506 562798.422359745 78705224.0129312 -0.110195835481976 0.161341541768868 -38022474119.9279 -57852359688.0585 36731.9451606586 -24000.5139229559
880165447.604144 418678.573663828 78839088.5983308 -0.130337784310201 0.0699490281571086 10017475445.3774 -68370742471.7593 43445.9281034002 6463.65728096384
881307520.90626 290176.675624853 78869111.3021792 -0.0846749161916736 -0.0118243220819276 52851441458.3692 -44367369524.8711 28224.9720638911 33721.4406939759
882446220.755296 241970.56276955 78831937.6657695 0.00380950640758453 -0.0426595835203511 68920145743.4701 1934322081.3626 -1269.8354691949 43999.8611734504
883581783.807259 297962.270513067 78797738.590102 0.0904665336205273 -0.00697413788897408 50256243162.2978 47151079628.9746 -30155.5112068425 32104.7126296581
884714838.872156 429601.449789576 78834681.3938261 0.131618797241688 0.0772202346731085 6376516736.79454 68579189529.0133 -43872.9324138959 4039.92177563054
885846093.113615 570570.626649369 78974842.1985201 0.106584428557856 0.167528398122192 -40613208883.1364 55547670587.0159 -35528.1428526188 -26062.7993740638
886975985.643805 650100.228267349 79198378.1046935 0.0279557544539494 0.218560666598656 -67123076089.1299 14683899392.6991 -9318.5848179832 -43073.5555328853
888104478.439622 628364.031791538 79443560.2787986 -0.0647998282636056 0.204651160341581 -59877677263.8596 -33436978532.634 21599.9427545351 -38437.0534471937
889231084.54013 516468.211825894 79637744.0229268 -0.125081214877235 0.132693216817885 -22579070608.6451 -64614565581.9166 41693.7382924115 -14451.0722726282
890355117.901149 370880.149066165 79733956.3915139 -0.122499969081056 0.0387748851989432 25950283644.5978 -63211643628.245 40833.3230270186 16855.038267019
891476040.154512 264867.910193184 79734571.0895689 -0.0582468920330971 -0.0298632193223896 61287696602.2583 -30035480277.6136 19415.6306776989 39734.4064407966
892593730.168335 251482.195757864 79689900.7732643 0.0353974453453088 -0.0386452215596657 65749601414.0315 18139431771.8012 -11799.1484484363 42661.7405198886
893708541.858284 337040.383238015 79672584.4481493 0.111343393605757 0.016853729085453 37230205587.3143 57110630278.2157 -37114.4645352524 24162.0903048491
894821125.232495 478340.440947462 79741079.3750568 0.131463823519138 0.108736109543135 -9869813649.16802 67411718871.7753 -43821.2745063795 -6465.36984771149
895932104.861062 604534.453994189 79910627.4000083 0.0856986487332914 0.190917619478422 -51934484664.7439 43980681908.2145 -28566.2162444305 -33859.2064928071
897041776.712612 652522.146026931 80145853.1298029 -0.00303311203832164 0.222236173739446 -67930382008.9915 -1381868933.59233 1011.03734610712 -44298.7245798152
898149970.575123 598418.401676483 80378484.3807334 -0.0903340833067931 0.186962529873898 -49895800558.8422 -45923607998.2894 30111.3611022643 -32540.8432912992
899256142.997464 469523.792930284 80541526.3942101 -0.132457512630305 0.102663198680719 -6930930976.77582 -67329133063.0442 44152.5042101015 -4441.06622690627
900359653.608698 330610.618609233 80602917.4543075 -0.108193433492223 0.0115211901627452 39373460463.5743 -54930275731.39 36064.4778307408 25939.603279085
901460087.001566 251266.54476577 80581581.4407419 -0.0296130788417992 -0.0407445086539333 65821485078.0618 -15047366736.1678 9871.02628059965 43361.5028846445
902557459.086447 270929.028756919 80537672.1767115 0.0639101999467512 -0.027886796399193 59267323747.6787 32268793334.2526 -21303.3999822505 39075.5987997311
903652206.306986 379376.152816561 80542188.943687 0.125515437465183 0.0436499663759885 23118282394.4647 63364774613.9867 -41838.4791550612 15230.0112080039
904744967.417904 522198.158372396 80641534.9148827 0.124398104438768 0.138047928596573 -24489052790.8138 62791874812.6622 -41466.0348129229 -16235.9761988577
905836270.100877 628090.079901448 80834626.2688025 0.0611405193785659 0.208139280201498 -59786359967.1646 30927082121.7418 -20380.1731261887 -39599.7600671658
906926277.354806 644314.938748342 81073596.4296581 -0.0326951449985964 0.218929953190979 -65194646249.4626 -16269224089.0522 10898.3816661987 -43196.6510636594
908014715.738324 562935.351325208 81287664.0636399 -0.110298862772024 0.164969933955903 -38068117108.4179 -55211408966.6791 36766.2875906744 -25209.9779853009
909101018.383303 424790.133754741 81418483.3393532 -0.132877835824515 0.0731039238601702 7980288748.40415 -66467743377.9773 44292.611941505 5412.02537994337
910184611.236167 299014.026781208 81449362.5903787 -0.0890445254372994 -0.0108118000603833 49905657739.5816 -44491433830.9825 29681.5084790997 33383.9333534612
911265199.973906 248313.920590783 81413511.487865 -0.000627796379123691 -0.0448020892779083 66805693136.3899 -361135647.375092 209.265459707789 44714.0297593029
912342914.750159 297651.346751235 81377161.451078 0.0882038320662904 -0.0118479401226472 50359884416.239 43849887392.8059 -29401.2773554302 33729.3133742158
913418242.987074 422086.029876433 81406342.2322884 0.133101553004533 0.0715878984091694 8881656707.83966 66146233296.5946 -44367.1843348445 5917.36719694363
914491787.861592 559508.382331695 81534130.5089538 0.111706154120522 0.163889052806758 -36925794110.5812 55520305519.7146 -37235.3847068409 -24849.6842689191
915563974.694529 641584.142539941 81744457.8656016 0.0346865912980396 0.219101487443539 -64284380846.6634 17340908606.2118 -11562.1970993466 -43253.8291478461
916634848.912289 627612.518538459 81980205.9333327 -0.0596595385270417 0.209739022147265 -59627172846.1693 -29351148346.0227 19886.5128423471 -40133.0073824217
917704062.024061 524720.943382371 82171594.2806766 -0.124402779647191 0.140382670027865 -25329981127.4736 -61306099569.2496 41467.5932157302 -17014.2233426217
918771050.544012 384318.70096399 82270947.0964199 -0.127250415663693 0.04546742308165 21470766345.32 -62648788599.3538 42416.8052212309 14624.1923061168
919835318.837286 276380.45714818 82276475.9023525 -0.0666766759713044 -0.0277512686455194 57450180950.59 -32797816038.1645 22225.5586571014 39030.4228818399
920896685.362592 254449.786038194 82233014.4221666 0.0272035522597606 -0.0427542419314881 64760404653.9184 13296837250.9795 -9067.85075325365 44031.4139771628
921955370.614868 329076.883127209 82209421.3473033 0.107641955296451 0.00795540333951384 39884705624.2465 52688840459.864 -35880.6517654838 27128.1988868288
923011885.978272 462896.146558435 82264258.3538176 0.134626434265004 0.0991348809425739 -4721715519.49541 65872863922.7928 -44875.4780883349 -3264.9603141912
924066782.349232 589415.355426455 82416918.8626764 0.0947777677988062 0.185473742372913 -46894785142.169 46400839678.8618 -31592.5892662689 -32044.5807909708
925120384.056761 645965.212963839 82638245.0547846 0.00787635166032669 0.224134437374579 -65744737654.6306 4001699277.10082 -2625.45055344235 -44931.4791248595
926172637.148583 604647.578961809 82865039.7733577 -0.0830061774444166 0.195915713656388 -51972192987.2872 -40260445052.9672 27668.7258148054 -35525.2378854625
927223143.781609 486141.737782222 83031387.4263462 -0.132787938756605 0.114728736422165 -12470245927.4251 -64425577061.3624 44262.6462522017 -8462.91214072155
928271364.215663 349421.39275926 83101408.0474547 -0.11668306423189 0.0207877145699492 33103202413.5623 -56549781444.3536 38894.3547439631 22850.761810017
929316886.243399 262343.173752158 83087067.0424687 -0.0425851262678099 -0.0392623127594727 62129275415.9293 -20633802331.1671 14195.0420892698 42867.437586491
930359628.666966 267865.737167443 83042034.9049638 0.0527569354521167 -0.0355560114828862 60288420944.1676 25429777681.1098 -17585.6451507057 41632.0038276288
931399879.22891 362901.081851017 83034818.7021015 0.122022600088738 0.0300837143485677 28609972716.3095 58813838511.1541 -40674.2000295794 19752.0952171442
932438151.368218 500163.489720528 83114817.7075918 0.130883190291362 0.125098303008147 -17144163240.1942 63067245801.1483 -43627.7300971207 -11919.434336049
933474933.668679 611732.092054904 83288114.6387957 0.074977696377336 0.202441161767802 -54333697351.6529 36176977121.7201 -24992.5654591121 -37700.3872559338
934510455.762568 642555.26395711 83514662.7730501 -0.018046703549237 0.223864414530088 -64608087985.722 -8501221523.99123 6015.56784974555 -44841.4715100291
935544583.388643 577553.146690457 83728101.8836351 -0.102226533566426 0.17873669931269 -42940715563.5042 -48851272862.2753 34075.5111888086 -29798.8997708967
936576891.557905 449055.59400062 83868559.4155325 -0.135915376617303 0.0892843268949143 -108198000.225441 -64928314725.3027 45305.1255391009 18.557701695303
937606878.590357 320761.231889843 83912313.6055349 -0.102352900435454 -0.000295592843305437 42656589370.0333 -48840032740.0743 34117.6334784847 29878.5309477686
938634215.195388 256076.845060957 83883484.6625357 -0.0180572279435454 -0.0456450622649526 64218051646.3287 -8636302811.46848 6019.07598118172 44995.0207549843
939658905.866836 286706.439617102 83841875.8058584 0.0752803010521648 -0.024271882954195 54008186794.2804 35748602445.7622 -25093.433684055 37870.6276513984
940681284.575111 397191.012241634 83853214.3793121 0.131488065404018 0.0532605319151728 17179995919.4361 62415514066.8426 -43829.3551346727 12026.4893616091
941701850.024956 532835.59640259 83956766.572136 0.122811060540202 0.148629971657746 -28034865467.5492 58290553731.7158 -40937.0201800675 -19763.3238859152
942721023.960833 626781.55038915 84146214.7778614 0.053553367468343 0.214778918128821 -59350183463.0693 25492149812.5919 -17851.1224894477 -41812.9727096069
943738950.832483 632855.152218595 84372922.6884688 -0.042152879362794 0.219097576646205 -61374717406.2178 -19763293304.3135 14050.9597875979 -43252.5255487348
944755434.601566 548230.739560874 84569903.3536743 -0.117160809582209 0.159406017748657 -33166579853.6443 -55152630212.4223 39053.6031940696 -23355.3392495524
945770041.400389 414806.934205827 84684841.9717939 -0.134455383797712 0.0650438250053294 11308021931.3715 -63250514262.9266 44818.461265904 8098.72499822359
946782316.601266 298472.534457482 84705928.5356259 -0.0854062867035589 -0.0174872994102587 50086155180.8198 -40133815200.2093 28468.7622345195 35609.0998034196
947792009.316615 256476.835599521 84667593.5926935 0.00586788614645262 -0.047432458781404 64084721466.8067 2713146369.57111 -1955.96204881762 45590.8195938014
948799194.371429 309215.654117373 84633298.6956069 0.0943560434871132 -0.00997477827286294 46505115294.1892 44138747864.5049 -31452.0144957045 33104.9260909544
949804233.741824 430427.306385971 84664131.8907131 0.136431565579541 0.0764216132624844 6101231204.65627 63791086816.969 -45477.1885265137 4306.12891250526
950807599.357054 560372.320982278 84788868.1546693 0.111395192129152 0.169201188826792 -37213773660.7795 52092558393.6678 -37131.7307097174 -26620.3962755974
951809645.890545 635241.468800606 84990058.6089362 0.03157773044453 0.222739563907525 -62170156266.8887 14870017614.9451 -10525.9101481768 -44466.5213025082
952810443.917999 618392.070311844 85212716.0725877 -0.0638138104765882 0.210721435036966 -56553690103.9683 -29545373466.2087 21271.2701588626 -40460.4783456552
953809752.665066 518276.608352865 85391320.7597549 -0.127924425796383 0.1389908460491 -23181869450.9755 -59320856486.518 42641.4752654609 -16550.2820163665
954807143.683023 384266.261271521 85482030.9230417 -0.129191476469638 0.0427207825859014 21488246242.8058 -59855274849.4858 43063.8254898791 15539.7391380329
955802213.961313 282289.520302434 85484250.4463383 -0.0668891003144161 -0.0307729381752779 55480493232.5015 -30961924838.8653 22296.3667714719 40037.6460584261
956794783.847577 262308.559104509 85440797.4647916 0.0284085587446487 -0.0452980024320747 62140813631.8096 13081131782.7688 -9469.51958154965 44879.334144025
957784983.525022 333831.021050511 85416637.7984051 0.109847431352802 0.00632735686937071 38299992983.1422 50622498536.6062 -36615.8104509339 27670.8810435432
958773187.851838 461500.068655646 85466902.5795221 0.13741022595106 0.0987335983456675 -4256356218.5696 63296294584.4782 -45803.4086503534 -3131.19944855574
959759834.095582 582649.102693002 85610006.6383925 0.0975908596643185 0.186559764325863 -44639367564.3548 44977265003.4231 -32530.2865547729 -32406.5881086208
960745212.778987 638006.154336084 85818841.4316521 0.00992168035981768 0.226759779432688 -63091718112.049 4710242681.37268 -3307.22678660598 -45806.5931442294
961729332.586132 600609.786582922 86034133.617672 -0.0826700626642698 0.199627537113779 -50626262194.3283 -37746733226.9045 27556.6875547565 -36762.5123712595
962711922.99305 488954.34549268 86193465.7104475 -0.134833726588568 0.118385833409944 -13407781830.9144 -61595890256.4027 44944.5755295227 -9681.9444699811
963692571.554067 357896.043010548 86261873.1120787 -0.120942506526542 0.0227703416668022 30278318996.4626 -55194645071.9468 40314.1688421806 22189.886111066
964670927.949021 271668.75083905 86248970.565767 -0.0477043309453796 -0.0403513326567722 59020749720.2953 -21758344607.7797 15901.4436484598 43230.4442189242
965646875.063505 272322.834759933 86204090.1232212 0.0490274927697937 -0.0399786719291656 58802721746.6675 22265506233.0031 -16342.4975899313 43106.2239763886
966620584.586647 359235.464145573 86191912.7677064 0.121838689345908 0.0237393130628546 29831845284.7875 55321692597.2804 -40612.8964486361 21866.8956457152
967592432.228012 489673.889385713 86260781.8279143 0.135070168120503 0.11958988863321 -13647629795.2593 61306960217.9709 -45023.3893735013 -10083.2962110698
968562816.167599 599856.354601714 86419249.9592699 0.0822712933238692 0.200678271458812 -50375118200.5931 37382281753.1632 -27423.7644412898 -37112.7571529374
969531967.841359 636072.229128971 86632095.2735521 -0.0107505692107919 0.227388475152703 -62447076376.3456 -4704821228.02702 3583.52307026388 -46016.1583842342
970499845.870222 580797.855965816 86837576.8375892 -0.0985877079529226 0.186655615309465 -44022285321.9606 -44375269936.9113 32862.5693176408 -32438.5384364882
971466162.656192 461201.455934154 86977573.7859339 -0.138337604463108 0.0983003836759255 -4156818644.74007 -62264007225.5728 46112.5348210359 -2986.79455864176
972430529.057256 335828.587223903 87025989.6874618 -0.110504130004063 0.00542459986357466 37634137592.0101 -49683811367.6686 36834.7100013543 27971.8000454752
973392645.914512 265896.488872777 87001468.7606899 -0.0285923054667786 -0.0465703821578919 60944837042.3854 -12858330820.3748 9530.76848892609 45303.4607192974
974352449.309335 285338.014965261 86958122.0688926 0.0674042605463989 -0.0322150044739873 54464328344.8905 30173509828.2566 -22468.0868487997 40518.3348246625
975310140.137291 384374.658077712 86958930.8444171 0.13057581490303 0.0415045120602907 21452113974.0736 58423949132.0758 -43525.2716343436 15945.1626465699
976266085.811499 514534.912093045 87045035.5196498 0.130086346824909 0.138591081623085 -21934637364.3708 58190451190.9964 -43362.115608303 -16417.0272076949
977220643.748816 612404.941721796 87215879.1233977 0.066196295654038 0.211700599738969 -54557980573.9545 29669316942.7348 -22065.4318846794 -40786.8665796562
978173992.663618 630450.575839652 87429649.038443 -0.0299697872455753 0.225227136259539 -60573191946.5733 -13196592426.3259 9989.92908185833 -45295.712086513
979126052.220255 560053.458665794 87623671.4745692 -0.111610881454432 0.172557335932223 -37107486221.9541 -49518405906.2306 37203.6271514774 -27739.1119774075
980076528.08341 435658.423769962 87744916.3050337 -0.138958960687065 0.0792629453477161 4357525409.98975 -61628179887.9433 46319.653562355 3359.01821742805
981025058.947397 317945.343484393 87775830.7307203 -0.0986086057780696 -0.00926599426737164 43595218838.5126 -43685741015.4634 32869.5352593564 32868.6647557906
981971393.472713 264176.650740757 87742832.2481455 -0.0101282540593114 -0.0498704341809491 61518116419.7247 -4504406350.84101 3376.08468643703 46403.4780603165
982915511.605255 300292.608166761 87703271.5081635 0.0834001262548268 -0.0227080354252753 49479463944.3899 36798343276.6286 -27800.0420849424 37349.3451417585
983857632.898451 408449.988411423 87717373.2502294 0.136412776103931 0.0590136141735756 13427003862.8356 60154133016.0077 -45470.9253679772 10108.7952754749
984798109.872827 535930.140744632 87818999.0918372 0.12311753632875 0.155516294021645 -29066380248.234 54286255096.5319 -41039.1787762502 -22058.7646738815
985737259.588308 620843.700233844 87999392.3674262 0.0499978390566177 0.219891669340447 -57370900077.9716 22123040082.4775 -16665.946352206 -43517.2231134823
986675215.035016 622103.453661584 88211578.0140871 -0.0474396315474545 0.220883499019883 -57790817887.2183 -20673197277.4532 15813.2105158181 -43847.8330066276
987611866.954397 539268.597856996 88393189.5405872 -0.121915373842014 0.157976593492977 -30179199285.6891 -53316880291.928 40638.4579473378 -22878.8644976589
988546922.400282 412710.633311117 88496734.9799357 -0.137247713299475 0.061636772253398 12006788896.2706 -59986077233.7474 45749.2377664917 9234.40924886743
989480050.203503 303950.605899697 88512654.943202 -0.0859005492620932 -0.0213903835057407 48260131366.7438 -37504187343.2522 28633.5164206976 36910.127835247
990411042.353868 265698.365270214 88473888.8799208 0.00726789767882154 -0.0507374499082894 61010878243.238 3142778324.88226 -2422.63255960729 46692.4833027633
991339913.795572 316273.591490905 88439712.7731174 0.0970203352748333 -0.0120913551433357 44152469503.0078 42196603800.2322 -32340.1117582779 33810.4517144453
992266893.969327 430895.440799239 88466863.9187735 0.139765692526982 0.0758004551538985 5945186400.22962 60751689832.9387 -46588.5641756608 4513.18161536728
993192316.069894 553906.369149411 88582113.2368127 0.114775363088131 0.17029041195067 -35058456383.1613 49894318987.9124 -38258.4543627105 -26983.4706502234
994116458.694854 625791.783086733 88769491.9210766 0.03417858119518 0.225593264985878 -59020261028.9354 14955723286.6764 -11392.8603983935 -45417.7549952926
995039416.233823 611903.783184023 88978150.2478651 -0.0630090469781726 0.214938091646949 -54390927728.0323 -27111378448.1472 21003.0156593907 -41866.030548983
995961059.286595 519135.554027864 89146983.5256631 -0.129766538301659 0.143442832836272 -23468184675.9792 -55942609249.3709 43255.5127672195 -18034.2776120906
996881102.438038 392535.661164663 89234197.3764585 -0.133745459996198 0.0456424378784362 18731779611.7544 -57615009441.8443 44581.8199987325 14565.8540405214
997799245.234296 293435.553519537 89237527.9879455 -0.0729256336493008 -0.031137299280047 51765148826.7964 -31382922438.8021 24308.5445497668 40159.0997600158
998715317.889269 269684.364918204 89195247.7210588 0.0233140015173739 -0.0496665564269736 59682211693.9072 9991141885.03652 -7771.33383912477 46335.5188089913
999629362.231193 332526.008717265 89167477.6326584 0.108377518922796 -0.000915784184693763 38734997094.2199 46468076887.7774 -36125.839640932 30085.261394898
1000000000 376935.048819287 89173340.1618186 0.129599858669671 0.0335755057683761 23931983726.8793 55551492593.868 -43199.9528898906 18588.1647438747
