1 1
1.02040816326531 0.601416076634735
1.04081632653061 0.221990837151186
1.06122448979592 -0.138275718450647
1.08163265306122 -0.479383590170764
1.10204081632653 -0.801332778009161
1.12244897959184 -1.10412328196585
1.14285714285714 -1.38775510204082
1.16326530612245 -1.65222823823407
1.18367346938776 -1.89754269054561
1.20408163265306 -2.12369845897543
1.22448979591837 -2.33069554352353
1.24489795918367 -2.51853394418992
1.26530612244898 -2.68721366097459
1.28571428571429 -2.83673469387755
1.30612244897959 -2.96709704289879
1.3265306122449 -3.07830070803832
1.3469387755102 -3.17034568929613
1.36734693877551 -3.24323198667222
1.38775510204082 -3.2969596001666
1.40816326530612 -3.33152852977926
1.42857142857143 -3.34693877551021
1.44897959183673 -3.34319033735943
1.46938775510204 -3.32028321532695
1.48979591836735 -3.27821740941274
1.51020408163265 -3.21699291961683
1.53061224489796 -3.13660974593919
1.55102040816327 -3.03706788837984
1.57142857142857 -2.91836734693877
1.59183673469388 -2.78050812161599
1.61224489795918 -2.6234902124115
1.63265306122449 -2.44731361932528
1.6530612244898 -2.25197834235735
1.6734693877551 -2.0374843815077
1.69387755102041 -1.80383173677635
1.71428571428571 -1.55102040816327
1.73469387755102 -1.27905039566847
1.75510204081633 -0.987921699291961
1.77551020408163 -0.677634319033737
1.79591836734694 -0.348188254893799
1.81632653061224 0.000416493127865181
1.83673469387755 0.368179925031232
1.85714285714286 0.755102040816325
1.87755102040816 1.16118284048313
1.89795918367347 1.58642232403165
1.91836734693878 2.03082049146189
1.93877551020408 2.49437734277384
1.95918367346939 2.97709287796751
1.97959183673469 3.4789670970429
2 4
2 4
2.02040816326531 4.51895043731778
2.04081632653061 5.01457725947522
2.06122448979592 5.4868804664723
2.08163265306122 5.93586005830904
2.10204081632653 6.36151603498542
2.12244897959184 6.76384839650146
2.14285714285714 7.14285714285714
2.16326530612245 7.49854227405248
2.18367346938776 7.83090379008746
2.20408163265306 8.1399416909621
2.22448979591837 8.42565597667639
2.24489795918367 8.68804664723032
2.26530612244898 8.92711370262391
2.28571428571429 9.14285714285714
2.30612244897959 9.33527696793003
2.3265306122449 9.50437317784257
2.3469387755102 9.65014577259475
2.36734693877551 9.77259475218659
2.38775510204082 9.87172011661808
2.40816326530612 9.94752186588921
2.42857142857143 10
2.44897959183673 10.0291545189504
2.46938775510204 10.0349854227405
2.48979591836735 10.0174927113703
2.51020408163265 9.97667638483965
2.53061224489796 9.91253644314869
2.55102040816327 9.82507288629737
2.57142857142857 9.71428571428572
2.59183673469388 9.5801749271137
2.61224489795918 9.42274052478134
2.63265306122449 9.24198250728863
2.6530612244898 9.03790087463557
2.6734693877551 8.81049562682215
2.69387755102041 8.5597667638484
2.71428571428571 8.28571428571429
2.73469387755102 7.98833819241983
2.75510204081633 7.66763848396502
2.77551020408163 7.32361516034985
2.79591836734694 6.95626822157435
2.81632653061224 6.56559766763848
2.83673469387755 6.15160349854228
2.85714285714286 5.71428571428572
2.87755102040816 5.2536443148688
2.89795918367347 4.76967930029154
2.91836734693878 4.26239067055394
2.93877551020408 3.73177842565599
2.95918367346939 3.17784256559767
2.97959183673469 2.600583090379
3 2
3 2
3.02040816326531 1.40191586838818
3.04081632653061 0.832153269471053
3.06122448979592 0.29071220324865
3.08163265306122 -0.222407330279053
3.10204081632653 -0.707205331112034
3.12244897959184 -1.16368179925032
3.14285714285714 -1.59183673469388
3.16326530612245 -1.99167013744274
3.18367346938776 -2.36318200749688
3.20408163265306 -2.70637234485631
3.22448979591837 -3.02124114952103
3.24489795918367 -3.30778842149104
3.26530612244898 -3.56601416076635
3.28571428571429 -3.79591836734694
3.30612244897959 -3.99750104123282
3.3265306122449 -4.17076218242399
3.3469387755102 -4.31570179092045
3.36734693877551 -4.4323198667222
3.38775510204082 -4.52061640982924
3.40816326530612 -4.58059142024157
3.42857142857143 -4.61224489795918
3.44897959183673 -4.61557684298209
3.46938775510204 -4.59058725531029
3.48979591836735 -4.53727613494377
3.51020408163265 -4.45564348188255
3.53061224489796 -4.34568929612661
3.55102040816327 -4.20741357767597
3.57142857142857 -4.04081632653061
3.59183673469388 -3.84589754269054
3.61224489795918 -3.62265722615577
3.63265306122449 -3.37109537692628
3.6530612244898 -3.09121199500208
3.6734693877551 -2.78300708038317
3.69387755102041 -2.44648063306956
3.71428571428571 -2.08163265306122
3.73469387755102 -1.68846314035818
3.75510204081633 -1.26697209496044
3.77551020408163 -0.817159516867974
3.79591836734694 -0.339025406080804
3.81632653061224 0.167430237401081
3.83673469387755 0.702207413577671
3.85714285714286 1.26530612244898
3.87755102040816 1.85672636401499
3.89795918367347 2.47646813827572
3.91836734693878 3.12453144523115
3.93877551020408 3.80091628488129
3.95918367346939 4.50562265722615
3.97959183673469 5.23865056226573
4 6
4 6
4.02040816326531 6.76218242399
4.04081632653061 7.49770928779674
4.06122448979592 8.20658059142025
4.08163265306122 8.88879633486048
4.10204081632653 9.54435651811745
4.12244897959184 10.1732611411912
4.14285714285714 10.7755102040816
4.16326530612245 11.3511037067888
4.18367346938776 11.9000416493128
4.20408163265306 12.4223240316535
4.22448979591837 12.9179508538109
4.24489795918367 13.3869221157851
4.26530612244898 13.829237817576
4.28571428571429 14.2448979591837
4.30612244897959 14.6339025406081
4.3265306122449 14.9962515618492
4.3469387755102 15.3319450229071
4.36734693877551 15.6409829237818
4.38775510204082 15.9233652644731
4.40816326530612 16.1790920449813
4.42857142857143 16.4081632653061
4.44897959183673 16.6105789254477
4.46938775510204 16.7863390254061
4.48979591836735 16.9354435651812
4.51020408163265 17.057892544773
4.53061224489796 17.1536859641816
4.55102040816327 17.2228238234069
4.57142857142857 17.265306122449
4.59183673469388 17.2811328613078
4.61224489795918 17.2703040399833
4.63265306122449 17.2328196584756
4.6530612244898 17.1686797167847
4.6734693877551 17.0778842149105
4.69387755102041 16.960433152853
4.71428571428571 16.8163265306122
4.73469387755102 16.6455643481883
4.75510204081633 16.448146605581
4.77551020408163 16.2240733027905
4.79591836734694 15.9733444398167
4.81632653061224 15.6959600166597
4.83673469387755 15.3919200333195
4.85714285714286 15.0612244897959
4.87755102040816 14.7038733860891
4.89795918367347 14.3198667221991
4.91836734693878 13.9092044981258
4.93877551020408 13.4718867138692
4.95918367346939 13.0079133694294
4.97959183673469 12.5172844648063
5 12
5 12
5.02040816326531 11.4760516451479
5.04081632653061 10.9654310703873
5.06122448979592 10.4681382757184
5.08163265306122 9.98417326114119
5.10204081632653 9.51353602665556
5.12244897959184 9.05622657226156
5.14285714285714 8.61224489795918
5.16326530612245 8.18159100374843
5.18367346938776 7.76426488962932
5.20408163265306 7.36026655560184
5.22448979591837 6.96959600166598
5.24489795918367 6.59225322782174
5.26530612244898 6.22823823406914
5.28571428571429 5.87755102040817
5.30612244897959 5.54019158683882
5.3265306122449 5.21615993336109
5.3469387755102 4.90545605997501
5.36734693877551 4.60807996668055
5.38775510204082 4.32403165347772
5.40816326530612 4.05331112036652
5.42857142857143 3.79591836734694
5.44897959183673 3.55185339441899
5.46938775510204 3.32111620158268
5.48979591836735 3.10370678883799
5.51020408163265 2.89962515618492
5.53061224489796 2.70887130362349
5.55102040816327 2.53144523115369
5.57142857142857 2.36734693877551
5.59183673469388 2.21657642648896
5.61224489795918 2.07913369429404
5.63265306122449 1.95501874219075
5.6530612244898 1.84423157017909
5.6734693877551 1.74677217825906
5.69387755102041 1.66264056643065
5.71428571428571 1.59183673469388
5.73469387755102 1.53436068304873
5.75510204081633 1.49021241149521
5.77551020408163 1.45939192003332
5.79591836734694 1.44189920866306
5.81632653061224 1.43773427738443
5.83673469387755 1.44689712619742
5.85714285714286 1.46938775510204
5.87755102040816 1.5052061640983
5.89795918367347 1.55435235318617
5.91836734693878 1.61682632236568
5.93877551020408 1.69262807163682
5.95918367346939 1.78175760099959
5.97959183673469 1.88421491045398
6 2
6 2
6.02040816326531 2.1228654727197
6.04081632653061 2.24656393169512
6.06122448979592 2.37109537692628
6.08163265306122 2.49645980841316
6.10204081632653 2.62265722615577
6.12244897959184 2.7496876301541
6.14285714285714 2.87755102040817
6.16326530612245 3.00624739691795
6.18367346938776 3.13577675968346
6.20408163265306 3.26613910870471
6.22448979591837 3.39733444398167
6.24489795918367 3.52936276551437
6.26530612244898 3.66222407330279
6.28571428571429 3.79591836734694
6.30612244897959 3.93044564764681
6.3265306122449 4.06580591420242
6.3469387755102 4.20199916701375
6.36734693877551 4.3390254060808
6.38775510204082 4.47688463140358
6.40816326530612 4.61557684298209
6.42857142857143 4.75510204081633
6.44897959183673 4.89546022490629
6.46938775510204 5.03665139525198
6.48979591836735 5.17867555185339
6.51020408163265 5.32153269471054
6.53061224489796 5.46522282382341
6.55102040816327 5.609745939192
6.57142857142857 5.75510204081632
6.59183673469388 5.90129112869638
6.61224489795918 6.04831320283215
6.63265306122449 6.19616826322366
6.6530612244898 6.34485630987089
6.6734693877551 6.49437734277384
6.69387755102041 6.64473136193253
6.71428571428571 6.79591836734694
6.73469387755102 6.94793835901708
6.75510204081633 7.10079133694294
6.77551020408163 7.25447730112453
6.79591836734694 7.40899625156185
6.81632653061224 7.56434818825489
6.83673469387755 7.72053311120366
6.85714285714286 7.87755102040816
6.87755102040816 8.03540191586839
6.89795918367347 8.19408579758434
6.91836734693878 8.35360266555602
6.93877551020408 8.51395251978342
6.95918367346939 8.67513536026656
6.97959183673469 8.83715118700542
7 9
7 9
7.02040816326531 9.15910037484381
7.04081632653061 9.30987088713036
7.06122448979592 9.45231153685964
7.08163265306122 9.58642232403165
7.10204081632653 9.7122032486464
7.12244897959184 9.82965431070387
7.14285714285714 9.93877551020408
7.16326530612245 10.039566847147
7.18367346938776 10.1320283215327
7.20408163265306 10.2161599333611
7.22448979591837 10.2919616826322
7.24489795918367 10.3594335693461
7.26530612244898 10.4185755935027
7.28571428571429 10.469387755102
7.30612244897959 10.5118700541441
7.3265306122449 10.5460224906289
7.3469387755102 10.5718450645564
7.36734693877551 10.5893377759267
7.38775510204082 10.5985006247397
7.40816326530612 10.5993336109954
7.42857142857143 10.5918367346939
7.44897959183673 10.5760099958351
7.46938775510204 10.551853394419
7.48979591836735 10.5193669304456
7.51020408163265 10.478550603915
7.53061224489796 10.4294044148272
7.55102040816327 10.371928363182
7.57142857142857 10.3061224489796
7.59183673469388 10.2319866722199
7.61224489795918 10.149521032903
7.63265306122449 10.0587255310287
7.6530612244898 9.95960016659725
7.6734693877551 9.8521449396085
7.69387755102041 9.73635985006247
7.71428571428571 9.61224489795918
7.73469387755102 9.47980008329863
7.75510204081633 9.3390254060808
7.77551020408163 9.18992086630571
7.79591836734694 9.03248646397334
7.81632653061224 8.86672219908371
7.83673469387755 8.69262807163682
7.85714285714286 8.51020408163266
7.87755102040816 8.31945022907122
7.89795918367347 8.12036651395252
7.91836734693878 7.91295293627655
7.93877551020408 7.69720949604332
7.95918367346939 7.47313619325281
7.97959183673469 7.24073302790504
8 7
8 7
8.02040816326531 6.76134943773427
8.04081632653061 6.53519366930446
8.06122448979592 6.32153269471053
8.08163265306122 6.12036651395253
8.10204081632653 5.93169512703041
8.12244897959184 5.75551853394419
8.14285714285714 5.59183673469388
8.16326530612245 5.44064972927947
8.18367346938776 5.30195751770095
8.20408163265306 5.17576009995835
8.22448979591837 5.06205747605164
8.24489795918367 4.96084964598084
8.26530612244898 4.87213660974594
8.28571428571429 4.79591836734694
8.30612244897959 4.73219491878384
8.3265306122449 4.68096626405664
8.3469387755102 4.64223240316535
8.36734693877551 4.61599333610995
8.38775510204082 4.60224906289046
8.40816326530612 4.60099958350687
8.42857142857143 4.61224489795918
8.44897959183673 4.6359850062474
8.46938775510204 4.67221990837151
8.48979591836735 4.72094960433153
8.51020408163265 4.78217409412744
8.53061224489796 4.85589337775927
8.55102040816326 4.94210745522698
8.57142857142857 5.04081632653061
8.59183673469388 5.15201999167014
8.61224489795918 5.27571845064556
8.63265306122449 5.41191170345689
8.6530612244898 5.56059975010413
8.6734693877551 5.72178259058725
8.69387755102041 5.89546022490629
8.71428571428571 6.08163265306122
8.73469387755102 6.28029987505206
8.75510204081633 6.49146189087881
8.77551020408163 6.71511870054144
8.79591836734694 6.95127030403999
8.81632653061224 7.19991670137442
8.83673469387755 7.46105789254477
8.85714285714286 7.73469387755103
8.87755102040816 8.02082465639316
8.89795918367347 8.31945022907122
8.91836734693878 8.63057059558519
8.93877551020408 8.95418575593502
8.95918367346939 9.29029571012079
8.97959183673469 9.63890045814243
9 10
9 10
9.02040816326531 10.3577675968347
9.04081632653061 10.6963765097876
9.06122448979592 11.0158267388588
9.08163265306122 11.3161182840483
9.10204081632653 11.5972511453561
9.12244897959184 11.8592253227822
9.14285714285714 12.1020408163265
9.16326530612245 12.3256976259892
9.18367346938776 12.5301957517701
9.20408163265306 12.7155351936693
9.22448979591837 12.8817159516868
9.24489795918367 13.0287380258226
9.26530612244898 13.1566014160766
9.28571428571429 13.265306122449
9.30612244897959 13.3548521449396
9.3265306122449 13.4252394835485
9.3469387755102 13.4764681382757
9.36734693877551 13.5085381091212
9.38775510204082 13.521449396085
9.40816326530612 13.515201999167
9.42857142857143 13.4897959183673
9.44897959183673 13.445231153686
9.46938775510204 13.3815077051229
9.48979591836735 13.298625572678
9.51020408163265 13.1965847563515
9.53061224489796 13.0753852561433
9.55102040816326 12.9350270720533
9.57142857142857 12.7755102040816
9.59183673469388 12.5968346522282
9.61224489795918 12.3990004164931
9.63265306122449 12.1820074968763
9.6530612244898 11.9458558933778
9.6734693877551 11.6905456059975
9.69387755102041 11.4160766347355
9.71428571428571 11.1224489795918
9.73469387755102 10.8096626405664
9.75510204081633 10.4777176176593
9.77551020408163 10.1266139108705
9.79591836734694 9.75635152019991
9.81632653061224 9.36693044564766
9.83673469387755 8.95835068721367
9.85714285714286 8.53061224489795
9.87755102040816 8.08371511870055
9.89795918367347 7.61765930862141
9.91836734693878 7.13244481466054
9.93877551020408 6.628071636818
9.95918367346939 6.1045397750937
9.97959183673469 5.56184922948773
10 5
