100 0.00691971911489964
105.050505050505 0.00802200447744712
110.10101010101 0.00923554175120181
115.151515151515 0.010565679585741
120.20202020202 0.0120177666306419
125.252525252525 0.0135971515354817
130.30303030303 0.0153091829498379
135.353535353535 0.0171592095232876
140.40404040404 0.0191525799054082
145.454545454545 0.0212946427457768
150.505050505051 0.0235907466939708
155.555555555556 0.0260462403995673
160.606060606061 0.0286664725121438
165.656565656566 0.0314567916812775
170.707070707071 0.0344225465565456
175.757575757576 0.0375690857875253
180.808080808081 0.0409017580237941
185.858585858586 0.044425911914929
190.909090909091 0.0481468961105075
195.959595959596 0.0520700592601068
201.010101010101 0.0562007500133041
206.060606060606 0.0605443170196767
211.111111111111 0.0651061089288019
216.161616161616 0.069891474390257
221.212121212121 0.0749057620536191
226.262626262626 0.0801543205684657
231.313131313131 0.0856424985843739
236.363636363636 0.0913756447509211
241.414141414141 0.0973591077176844
246.464646464646 0.103598236134241
251.515151515152 0.110098378650169
256.565656565657 0.116864883915044
261.616161616162 0.123903100578445
266.666666666667 0.131218377289949
271.717171717172 0.138816062699132
276.767676767677 0.146701505455572
281.818181818182 0.154880054208847
286.868686868687 0.163357057608533
291.919191919192 0.172137864304208
296.969696969697 0.18122782294545
302.020202020202 0.190632282181834
307.070707070707 0.20035659066294
312.121212121212 0.210406097038343
317.171717171717 0.220786149957622
322.222222222222 0.231502098070353
327.272727272727 0.242559290026114
332.323232323232 0.253963074474482
337.373737373737 0.265718800065034
342.424242424242 0.277831815447348
347.474747474747 0.290307469271001
352.525252525253 0.303151110185569
357.575757575758 0.316368086840632
362.626262626263 0.329963747885764
367.676767676768 0.343943441970545
372.727272727273 0.358312517744551
377.777777777778 0.37307632385736
382.828282828283 0.388240208958548
387.878787878788 0.403809521697693
392.929292929293 0.419789610724373
397.979797979798 0.436185824688164
403.030303030303 0.453003512238643
408.080808080808 0.47024802202539
413.131313131313 0.487924702697979
418.181818181818 0.506038902905989
423.232323232323 0.524595971298996
428.282828282828 0.543601256526579
433.333333333333 0.563060107238315
438.383838383838 0.58297787208378
443.434343434343 0.603359899712552
448.484848484848 0.624211538774208
453.535353535354 0.645538137918326
458.585858585859 0.667345045794482
463.636363636364 0.689637611052255
468.686868686869 0.712421182341221
473.737373737374 0.735701108310957
478.787878787879 0.759482737611042
483.838383838384 0.783771418891051
488.888888888889 0.808572500800563
493.939393939394 0.833891331989155
498.989898989899 0.859733261106403
504.040404040404 0.886103636801886
509.090909090909 0.91300780772518
514.141414141414 0.940451122525862
519.191919191919 0.968438929853511
524.242424242424 0.996976578357704
529.292929292929 1.02606941668802
534.343434343434 1.05572279349403
539.393939393939 1.08594205742531
544.444444444444 1.11673255713145
549.494949494949 1.14809964126202
554.545454545455 1.18004865846659
559.59595959596 1.21258495739475
564.646464646465 1.24571388669607
569.69696969697 1.27944079502013
574.747474747475 1.3137710310165
579.79797979798 1.34870994333477
584.848484848485 1.38426288062451
589.89898989899 1.4204351915353
594.949494949495 1.45723222471671
600 1.49465932881832
