time sunx Sun sunvx sunvy earthx Earth earthvx earthvy
0 0 0 0 0 149577000000 0 0 29780
0.01 0 0 1.7887408334648E-10 0 149577000000 297.799982132 -5.96246944488268E-05 29780
0.03 3.57748145228071E-12 0 5.36622250039441E-10 7.12257884894867E-19 149577000000 893.399946396 -0.00017887408334648 29780
0.07 2.5042370165965E-11 2.84903136863757E-20 1.25211858342536E-09 4.98580519426407E-18 149577000000 2084.599874924 -0.000417372861141787 29780
0.15 1.25211850829825E-10 4.27354705295636E-19 2.68311125019721E-09 2.49290259713203E-17 149577000000 4466.99973198 -0.000894370416732402 29780
0.31 5.5450962510351E-10 4.41599862138824E-18 5.54509658374089E-09 1.10399972158704E-16 149577000000 9231.799446092 -0.00184836552791363 29780
0.63 2.32894042543474E-09 3.97439875924941E-17 1.12690672508282E-08 4.63679883066558E-16 149576999999.999 18761.398874316 -0.00375635575027608 29779.9999999998
1.27 9.54114303323263E-09 3.36499094949784E-16 2.27170085850028E-08 1.8995917790146E-15 149576999999.997 37820.5977307639 -0.00757233619500095 29779.9999999994
2.55 3.861891227737E-08 2.76797642619982E-15 4.56128912533511E-08 7.68882386743987E-15 149576999999.987 75938.9954436591 -0.0152042970844504 29779.9999999974
5.11 1.55387906879809E-07 2.24513643458425E-14 9.14046565900403E-08 3.09369212304051E-14 149576999999.948 152175.790869445 -0.0304682188633468 29779.9999999897
10.23 6.23379720541304E-07 1.80848391541694E-13 1.82988187263359E-07 1.2411164870076E-13 149576999999.792 304649.381720976 -0.0609960624211198 29779.9999999586
20.47 2.49717864569016E-06 1.45175159798327E-12 3.66155248609525E-07 4.97175234618613E-13 149576999999.168 609596.56342372 -0.122051749536508 29779.9999998343
40.95 9.99603768728166E-06 1.16338997920435E-11 7.32489371298067E-07 1.99015893035406E-12 149576999996.668 1219490.92682666 -0.244163123766022 29779.9999993366
81.91 3.99988005354846E-05 9.31508046883315E-11 1.46515761664484E-06 7.96355241728258E-12 149576999986.667 2439279.65361216 -0.488385872214947 29779.9999973455
163.83 0.000160024505289487 7.45524979569668E-10 2.93049410709589E-06 3.1860043770708E-11 149576999946.658 4878857.10702005 -0.976831369031964 29779.99998938
327.67 0.000640156630988149 5.96547423776549E-09 5.86116708605791E-06 1.27451843959637E-10 149576999786.614 9758012.01253076 -1.9537223620193 29779.9999575161
655.35 0.00256074374651237 4.77288919606542E-08 1.17225130284608E-05 5.09830713686672E-10 149576999146.419 19516321.813111 -3.90750434282028 29779.9998300564
1310.71 0.0102432094238965 3.81851528434992E-07 2.34452047890965E-05 2.03936952127112E-09 149576996585.597 39032941.3307395 -7.81506826303218 29779.9993202102
2621.43 0.0409733064012552 3.05489378697293E-06 4.68905873170003E-05 8.15757126069948E-09 149576986342.231 78066179.697731 -15.6301957723334 29779.9972808096
5242.87 0.163894160242281 2.4439476109546E-05 9.37813444258439E-05 3.26304688643931E-08 149576945368.613 156132651.085548 -31.260448141948 29779.9891231771
10079.8192259605 0.61750973435547 0.000182271387755987 0.000180301752120054 1.22942920379042E-07 149576794163.422 300176937.781355 -60.1005840400179 29779.9590190265
18346.8436183743 2.10806862769335 0.00119864344842178 0.000328176906799853 4.19704937202221E-07 149576297310.457 546368570.625231 -109.392302266618 29779.8600983543
31560.7063754467 6.44455297399809 0.00674456655432223 0.000564536155872753 1.28307211096981E-06 149574851815.675 939875531.279283 -188.178718624251 29779.5723092964
51478.925776836 17.6891073120151 0.0323010768350318 0.000920810612567206 3.52177494245654E-06 149571103630.896 1533031550.62602 -306.936870855735 29778.8260750192
80001.8530491093 43.9533198699542 0.132752401360955 0.00143097169391963 8.75067955507998E-06 149562348893.377 2382410790.05471 -476.990564639877 29777.083106815
119054.058491794 99.8359170906135 0.474485716605035 0.00212938546444559 1.98758625675928E-05 149543721360.97 3545271487.25429 -709.795154815197 29773.3747124775
170463.395482104 209.306205446347 1.49629057200721 0.00304859953736667 4.16679071649262E-05 149507231264.851 5075900849.34905 -1016.19984578889 29766.1106976117
235854.102215504 408.656271780867 4.22098430614183 0.00421734041334507 8.13476789151967E-05 149440781242.74 7022327747.7849 -1405.78013778169 29752.8841070283
316565.309320371 749.042886890888 10.7866532726263 0.00565891050964676 0.000149088074977438 149327319037.703 9423718794.83089 -1886.30350321559 29730.3039750075
413600.313728281 1298.15526019169 25.2534144172232 0.0073900723911077 0.000258337895623174 149144281579.936 12308598799.0014 -2463.35746370256 29693.8873681256
527606.556900382 2140.66959972088 54.7055455990795 0.00942042107969873 0.000425898779161296 148863443466.76 15693887139.8996 -3140.14035989958 29638.0337402796
658882.324249979 3377.34253151426 110.615731292124 0.0117521877450167 0.000671724634243867 148451219156.162 19584642528.4427 -3917.39591500558 29556.0917885854
807404.006615713 5122.79712215483 210.38139807059 0.014380390477395 0.00101845409984739 147869400959.282 23974362741.6563 -4793.46349246499 29440.5153000509
972867.128421411 7502.22128056407 378.897982736156 0.0172932434743467 0.00149072081436386 147076259573.145 28845682018.4919 -5764.41449144891 29283.0930618787
1154734.81647461 10647.3033014797 650.011914510458 0.0204727454687633 0.00211430824613474 146027898899.507 34171330133.1636 -6824.24848958775 29075.2305846218
1352288.48858636 14691.769104375 1067.70124744916 0.0238953833897787 0.00291522435538199 144679743631.875 39915248358.0162 -7965.12779659289 28808.258548206
1564676.89109091 19766.8711052579 1686.86105408153 0.0275329026567317 0.00391876840489996 142988042964.914 46033788002.8956 -9177.63421891057 28473.7438650334
1790960.92798386 25997.1270919882 2573.61573518552 0.0313531083440737 0.00514865135845917 140911290969.337 52476941323.5418 -10451.0361146912 28063.7828805136
2030152.85555633 33496.5370622312 3805.13150412307 0.0353206711913752 0.00662621635346068 138411487645.923 59189571242.9495 -11773.5570637917 27571.2612155131
2281249.28265257 42365.4308688928 5468.95065581454 0.0393979191157492 0.00836978983488638 135455189710.369 66112616009.3191 -13132.6397052497 26990.0700550379
2543258.03070616 52688.029712971 7661.90868034732 0.0435455995242402 0.0103941793458601 132014323429.01 73184250050.0203 -14515.1998414134 26315.27355138
2815219.29509714 64530.7453076838 10488.7226679452 0.0477236009283367 0.0127103218790805 128066751564.105 80340984688.4441 -15907.8669761122 25543.2260403065
3096221.75867103 77941.1939345364 14060.354214486 0.051891624715268 0.0153250775137168 123596602021.821 87518693702.7323 -17297.2082384227 24671.6408287611
3385414.38880549 92947.8684674946 18492.2534217782 0.0560097998141048 0.0182411566661628 118594377177.502 94653549975.643 -18669.9332713683 23699.6144446124
3682014.64929631 109560.388685645 23902.5849159961 0.0600392347067663 0.0214571653039341 113056870438.118 101682861371.688 -20013.0782355888 22627.6115653553
3985313.80280241 127770.236656771 30410.5245988433 0.0639425027579776 0.0249677503213035 106986921114.41 108545796393.549 -21314.1675859925 21457.4165595655
4294679.90221489 147551.87813478 38134.6996633992 0.0676840583738717 0.0287638265247354 100393040621.74 115183993259.759 -22561.3527912906 20192.0578250882
4609558.98851051 168864.171313586 47191.8265344459 0.0712305830677809 0.0328328669587917 93288942895.4713 121542049596.668 -23743.5276892603 18835.7110137361
4929474.92074899 191651.968332338 57695.5831454045 0.0745512618802811 0.0371592390909755 85693010555.8873 127567893283.451 -24850.4206267604 17393.5869696749
5254028.19713714 215847.823182703 69755.7352168619 0.0776179921494026 0.0417245707928333 77627725605.7657 133213038583.893 -25872.6640498009 15871.8097357222
5582894.05746395 241373.729416201 83477.5212641068 0.0804055279181025 0.0465081316286902 69119090194.5995 138432734634.393 -26801.8426393675 14277.2894571033
5915820.10148705 268142.822137418 98961.288613126 0.0828915644680366 0.0514872167313973 60196059287.5272 143186015847.522 -27630.5214893455 12617.5944228676
6252623.61918248 296060.99096244 116302.363284143 0.0850567685499631 0.0566375225222322 50890003012.5199 147435665779.019 -28352.256183321 10900.8258259226
6593188.78533005 325028.361737591 135591.129394788 0.0868847606156411 0.0619335053601546 41234212754.1362 151148107114.823 -28961.5868718803 9135.49821328181
6937463.84851548 354940.616393657 156913.289586621 0.088362055971061 0.0673487162128903 31263461202.1143 154293231150.724 -29454.0186570203 7330.42792903658
7285458.41677205 385690.130066598 180350.27560154 0.0894779720272084 0.0728561062161013 21013623311.134 156844180099.968 -29825.9906757361 5494.63126129958
7637240.926125 417166.913709536 205979.777930155 0.0902245088851647 0.0784282997483059 10521362096.8214 158777095157.062 -30074.8362950549 3637.23341723139
7992936.36361282 449259.357944021 233876.364646759 0.0905962102895363 0.0840378332153207 -176119314.673725 160070842411.025 -30198.7367631787 1767.38892822644
8352724.30011919 481854.779543664 264112.161433618 0.0905900115771658 0.0896573590381257 -11041259847.8882 160706727588.362 -30196.6705257219 -105.786346041868
8716837.28379706 514839.776971339 296757.567982943 0.0902050807123701 0.0952598155735122 -22036258990.4465 160668209408.584 -30068.3602374567 -1973.27185783736
9085559.63562779 548100.404483048 331881.989108705 0.0894426578170139 0.100818564603564 -33123134827.6827 159940620012.016 -29814.219272338 -3826.18820118782
9459226.68070736 581522.176128288 369554.561972928 0.0883058978728417 0.106307498711534 -44263725376.0961 158510899658.743 -29435.2992909472 -5655.83290384462
9838224.45008939 614989.912437308 409844.864435764 0.0867997205087817 0.11170112145495 -55419637479.1027 156367351732.801 -28933.2401695939 -7453.70715165002
10222989.8790421 648387.442127993 452823.591768153 0.0849306700469135 0.116974603475263 -66552147375.9977 153499423075.385 -28310.2233489712 -9211.53449175438
10614011.5308754 681597.171028461 498563.191697218 0.0827067882771276 0.122103817923853 -77622057009.4869 149897513858.614 -27568.9294257092 -10921.2726412843
11011830.8789851 714499.529650977 547138.45003088 0.0801375017629026 0.127065358663515 -88589509883.6589 145552820556.611 -26712.5005876342 -12575.1195545051
11417044.174389 746972.308877387 598627.01965728 0.0772335249462309 0.131836544542805 -99413769625.7956 140457215227.569 -25744.5083154103 -14165.5148476017
11830304.9344681 778889.892185201 653109.886992273 0.0740067798226358 0.13639541298779 -110052964061.734 134603164145.98 -24668.9266075453 -15685.1376625966
12252327.0925737 810122.391246448 710671.770083375 0.0704703325597049 0.140720705967116 -120463797082.149 127983688896.596 -23490.1108532349 -17126.9019890386
12683888.8507511 840534.690040524 771401.441718731 0.0666383471475033 0.144791851151983 -130601230013.508 120592373405.553 -22212.7823825011 -18483.9503839942
13125837.2895564 869985.401759885 835391.970447645 0.0625260559019439 0.148588940946409 -140418133919.962 112423420880.53 -20842.0186339813 -19749.6469821363
13579093.7952522 898325.74167252 902740.870565122 0.058149746486429 0.152092711844269 -149864913890.84 103471765437.78 -19383.2488288097 -20917.5706147563
14044660.3709415 925398.318397053 973550.1493572 0.0535267650428232 0.1552845263824 -158889106132.351 93733244299.2401 -17842.2550142744 -21981.5087941333
14523626.9133606 951035.846438242 1047926.2375872 0.0486755349244504 0.158146359881588 -167434948812.747 83204837666.6635 -16225.1783081501 -22935.4532938626
15017179.5502086 975059.783608752 1125979.78583145 0.0436155904816241 0.160660794085363 -175442927869.584 71884984895.3661 -14538.5301605414 -23773.5980284542
15526610.1360024 997278.898084403 1207825.30336572 0.0383676254514885 0.162811019721714 -182849299361.468 59773987651.9634 -12789.2084838295 -24490.3399072378
16053327.0332238 1017487.77350343 1293580.61336168 0.0329535553692583 0.164580850150962 -189585591167.811 46874512578.0935 -10984.5184564194 -25080.283383654
16598867.3068383 1035465.2640375 1383366.08999761 0.0273965935672828 0.16595474828307 -195578088012.499 33192208739.5854 -9132.19785576091 -25538.2494276901
17164910.4879441 1050972.91808133 1477303.63799912 0.0217213402044897 0.166917869192732 -200747306027.108 18736457661.0065 -7240.44673482991 -25859.2897309108
17753294.0686934 1063753.39724269 1575515.36567307 0.0159538838372357 0.167456121078662 -205007465747.562 3521277086.41156 -5317.96127907856 -26038.7070262206
18366030.914383 1073528.92911508 1678121.89493784 0.0101219148828921 0.167556247597011 -208265976371.694 -12433597165.3782 -3373.97162763069 -26072.0825323371
19005328.7849497 1079999.84735752 1785240.24079966 0.00425485026322444 0.167205935035766 -210422949119.172 -29101423009.4726 -1418.28342107481 -25955.3116785885
19673612.1855026 1082843.29298966 1896981.18495353 -0.0016160318766226 0.166393948371311 -211370764329.887 -46446925919.7193 538.677292207538 -25684.6494571036
20373546.7571062 1081712.17647827 2013446.05493633 -0.0074574486870241 0.165110300910472 -210993725492.756 -64424498955.6093 2485.81622900804 -25256.7669701572
21108066.4397071 1076234.53396432 2134722.81347863 -0.0132339624131423 0.163346463031501 -209167844654.773 -82976090300.9588 4411.32080438076 -24668.8210105004
21880403.6181322 1066013.45338803 2260881.3522726 -0.0189078261787851 0.161095616479834 -205760817796.011 -102028736772.125 6302.6087262617 -23918.5388266112
22694122.4599331 1050627.799892 2391967.88286857 -0.0244388297234439 0.158352961721632 -200632266630.667 -121491701315.906 8146.27657448131 -23004.3205738775
23553155.6079352 1029634.03632081 2527998.31790993 -0.0297841505123496 0.155116087051797 -193634345440.27 -141253174050.445 9928.05017078321 -21925.3623505988
24461844.3415176 1002569.51593479 2668950.55015415 -0.0348982178140192 0.151385409396721 -184612838644.929 -161176502602.746 11632.7392713397 -20681.8031322402
25424982.2294517 968957.722153435 2814755.56487624 -0.0397326001307672 0.147164698036946 -173408907384.478 -181095929595.035 13244.2000435891 -19274.8993456488
26447862.1830758 928316.044412812 2965287.37534747 -0.0442359301764465 0.142461693606798 -159861681470.937 -200811836560.867 14745.3100588155 -17707.231202266
27536326.6505437 880166.809119312 3120351.8575099 -0.0483538865005897 0.137288835586061 -143811936373.104 -220085527385.351 16117.9621668632 -15982.9451953537
28696820.4907583 824052.425051806 3279674.69597839 -0.0520292572969667 0.131664111670839 -125107141683.935 -238633635720.16 17343.0857656556 -14108.0372236131
29936445.8073841 759555.644371052 3442888.85230377 -0.0552021200849742 0.125612041490937 -103608214790.35 -256122314781.13 18400.7066949914 -12090.6804969791
31263017.7518193 686326.064986757 3609522.25243087 -0.057810181237946 0.119164804240776 -79198354995.5855 -272161471355.203 19270.0604126487 -9941.60141359184
32685120.008966 604114.080694934 3778986.77934625 -0.0597893317740812 0.112363514013685 -51794360231.6444 -286299444316.846 19929.7772580271 -7674.50467122829
33000000 585287.617571572 3814367.79950856 -0.0600543354337111 0.110898672732342 -45518872523.8574 -288715992133.92 20018.111811237 -7186.22424411399
