"numerical, y'' = -y. y0 = 1, y'0 = 0 => y = cos"
0 1 0
0.01 0.999950000417699 -0.0099998327341399
0.0245003864176094 0.999699880566459 -0.0244979338843785
0.0445685830148327 0.999006985177823 -0.0445538269424307
0.0712202630283652 0.997464909140212 -0.0711600652984339
0.105320146500112 0.994458958674532 -0.1051255404677
0.147439200431248 0.989150517687723 -0.146905591924064
0.197646912036361 0.980531352511381 -0.196362588343797
0.255293723820086 0.967589166894377 -0.25252960856816
0.318989136190923 0.94955292243564 -0.313606833959965
0.386958101206764 0.926061281686205 -0.377373158946543
0.457576711979645 0.897125691007378 -0.441775387266817
0.529682982888403 0.862967305087528 -0.505259763238262
0.602572966708181 0.823880097888754 -0.566764132636828
0.675861080149677 0.780168599516275 -0.625569303767331
0.749347580380468 0.73213345728053 -0.681161212904585
0.822931968589764 0.680074616649245 -0.733142900649988
0.89656442010874 0.624297517736998 -0.781186665324527
0.970220413726199 0.565117748412894 -0.825010258670591
1.04388792486315 0.502863530133417 -0.864365817402781
1.1175610674622 0.43787649206712 -0.899035134840295
1.19123696271447 0.370511296143711 -0.928827957784401
1.26491420330071 0.301134540902697 -0.953581660770113
1.3385921013337 0.230123225993746 -0.973161495379742
1.41227032070079 0.157862950513941 -0.987461029021539
1.48594869710528 0.0847459504056636 -0.996402588626117
1.5596271503497 0.0111690379519253 -0.999937621590445
1.63330564107187 -0.0624685157416404 -0.998046932148738
1.70698415008126 -0.13576712936711 -0.990740773645472
1.78066266803998 -0.208329070221781 -0.978058787717019
1.85434119040328 -0.279760607573029 -0.960069787010335
1.92801971489262 -0.349674146619511 -0.936871380935164
2.00169824046001 -0.417690330573304 -0.908589445637991
2.07537676654613 -0.483440098334438 -0.875377440908389
2.14905529289876 -0.546566686847167 -0.837415577421142
2.2227338193285 -0.606727566687604 -0.794909838943862
2.29641234578727 -0.663596300707089 -0.748090864578647
2.37009087228997 -0.716864315220312 -0.697212697310954
2.44376939883384 -0.76624257428051 -0.642551405599291
2.51744792537399 -0.811463147998907 -0.584403585433128
2.59112645194477 -0.852280666427311 -0.523084750887801
2.66480497850022 -0.888473650855296 -0.458927622248584
2.73848350506703 -0.919845715654826 -0.392280320521028
2.8121620316313 -0.946226633821781 -0.323504478597539
2.88584055815762 -0.96747326065809 -0.252973278999403
2.959519084681 -0.98347031050932 -0.181069428873437
3.03319761122437 -0.994130982278474 -0.108183083472555
3.10687613785219 -0.999397430420699 -0.0347097290948788
3.18055466443588 -0.999241078810995 0.038951962617037
3.25423319104369 -0.993662775827455 0.112402298284776
3.32791171762244 -0.982692789734737 0.185242731241811
3.40159024423602 -0.966390644429184 0.257078024311795
3.47526877084606 -0.944844796487936 0.327518394176151
3.54894729744649 -0.918172155180248 0.396181626499078
3.62262582404987 -0.886517448104582 0.462695149833753
3.69630435065383 -0.850052435898161 0.526698057189208
3.76998287726776 -0.808974980241017 0.58784306436078
3.84366140392008 -0.763507970236621 0.645798394321265
3.9173399305497 -0.713898113071149 0.700249577383639
3.99101845719234 -0.660414595247305 0.750901157680952
4.06469698385126 -0.603347622037682 0.797478296227223
4.13837551051057 -0.543006842807968 0.839728262228601
4.21205403716863 -0.479719670812576 0.877421804440122
4.28573256381923 -0.413829506641701 0.910354395086834
4.35941109048512 -0.345693874874997 0.938347339658872
4.43308961722854 -0.27568248411455 0.961248746513173
4.50676814394809 -0.204175221116591 0.978934350992165
4.58044667060353 -0.131560089290719 0.991308189780565
4.65412519728774 -0.058231103287339 0.998303121591776
4.72780372391431 0.0154138486445231 0.999881191437089
4.80148225059071 0.088975163996103 0.99603383660461
4.87516077724971 0.162053693902384 0.986781933109726
4.94883930396079 0.234252909260899 0.972175682411221
5.02251783069062 0.305181052088358 0.952294339038569
5.09619635740738 0.374453261332507 0.927245780548962
5.16987488408664 0.441693661161445 0.897165922172675
5.24355341076675 0.506537400539926 0.862217979296504
5.31723193748751 0.568632632874786 0.822591581860357
5.39091046423292 0.62764242511245 0.778501745448487
5.46458899099205 0.683246586017225 0.730187704575288
5.53826751775595 0.735143403548348 0.677911614582768
5.61194604450493 0.783051281962441 0.62195712917659
5.6856245712512 0.826710269798977 0.562627861268223
5.75930309800175 0.86588347036706 0.500245735575219
5.83298162472829 0.900358327151582 0.435149241863804
5.90666015151665 0.929947777226166 0.367691598146726
5.98033867825238 0.954491266136979 0.298238834382029
6.05401720499478 0.973855619236717 0.227167806029239
6.12769573175187 0.987935764203592 0.154864149409332
6.20137425851325 0.996655301191771 0.081720189187826
6.27505278529279 0.999966917389314 0.00813280955212611
6.34873131211701 0.997852643732656 -0.0654986992984549
6.42240983893453 0.990323952415955 -0.138774807638222
6.49608836574669 0.977421694643061 -0.21129791422211
6.56976689254639 0.959215878964114 -0.282674503636909
6.64344541937415 0.935805291387485 -0.352517281596516
6.71712394618965 0.907316959397652 -0.420447276304838
6.79080247301046 0.873905462655289 -0.486095894915546
6.8644809998076 0.835752094275417 -0.549106923446153
6.93815952662265 0.793063877061559 -0.609138459721659
7.01183805345273 0.74607244024119 -0.665864768458496
7.08551658028214 0.695032762619932 -0.71897804875836
7.15919510711437 0.640221789027437 -0.768190104281306
7.23287363393926 0.581936927617269 -0.813233906994988
7.30655216073953 0.520494436107014 -0.853865046094724
7.38023068758605 0.456227705658114 -0.88986305423946
7.45390921445122 0.389485452029226 -0.921032603721377
7.52758774129717 0.320629823353312 -0.947204566388041
7.60126626817585 0.250034434999722 -0.968236931372712
7.67494479504511 0.178082342482984 -0.984015575590749
7.74862332191103 0.105163962843303 -0.994454883028011
7.82230184879645 0.031674956244577 -0.999498209280942
7.89598037571225 -0.0419859208761187 -0.999118188908016
7.96965890259117 -0.115418979422137 -0.99331688392856
8.04333742944312 -0.188225766533912 -0.982125772633453
8.11701595636129 -0.260011227625043 -0.965605578751903
8.19069448326439 -0.330385849723476 -0.943845942016026
8.26437301017561 -0.398967775269895 -0.916964931719614
8.33805153710459 -0.465384873986529 -0.885108406084617
8.41173006401277 -0.529276762053779 -0.848449220847494
8.48540859094006 -0.590296757689436 -0.807186291272303
8.55908711785014 -0.648113762134275 -0.761543512898965
8.63276564475687 -0.702414056323949 -0.711768546603893
8.70644417166426 -0.752903003098969 -0.658131474806044
8.78012269857313 -0.799306645932678 -0.60092333597841
8.85380122549594 -0.841373195447158 -0.540454545441473
8.92747975240742 -0.87887439561267 -0.477053211069288
9.00115827934676 -0.911606762334751 -0.411063352867111
9.07483680632086 -0.939392687518562 -0.342843036375533
9.14851533329103 -0.962081402789642 -0.272762429800366
9.22219386025676 -0.979549797606623 -0.201201795376813
9.29587238725324 -0.991703087253941 -0.128549426038291
9.36955091420334 -0.998475327129025 -0.055199538658412
9.42477796076938 -0.999999983850677 -5.66865142874462E-07


"Analytical solution"
0 1
0.01 0.999950000416665
0.0245003864176094 0.999699880545843
0.0445685830148327 0.999006985093992
0.0712202630283652 0.997464908906251
0.105320146500112 0.994458958136132
0.147439200431248 0.989150516595461
0.197646912036361 0.980531350496544
0.255293723820086 0.96758916346268
0.318989136190923 0.949552916993963
0.386958101206764 0.92606127359791
0.457576711979645 0.897125679647495
0.529682982888403 0.862967289875731
0.602572966708181 0.823880078302127
0.675861080149677 0.780168575092832
0.749347580380468 0.732133427620569
0.822931968589764 0.680074581417003
0.89656442010874 0.624297476662933
0.970220413726199 0.565117701296311
1.04388792486315 0.502863476845097
1.1175610674622 0.43787643255169
1.19123696271447 0.370511230421594
1.26491420330071 0.30113446907152
1.3385921013337 0.230123148229159
1.41227032070079 0.157862867069791
1.48594869710528 0.0847458616135187
1.5596271503497 0.0111689442199196
1.63330564107187 -0.0624686139306218
1.70698415008126 -0.135767231457915
1.78066266803998 -0.208329175590124
1.85434119040328 -0.279760715529262
1.92801971489262 -0.349674256413003
2.00169824046001 -0.417690441397412
2.07537676654613 -0.483440209332027
2.14905529289876 -0.546566797116646
2.2227338193285 -0.606727675289447
2.29641234578727 -0.663596406670781
2.37009087228997 -0.716864417551685
2.44376939883384 -0.76624267196941
2.51744792537399 -0.811463240027147
2.59112645194477 -0.852280751776842
2.66480497850022 -0.888473728516546
2.73848350506703 -0.919845784635143
2.8121620316313 -0.946226693153918
2.88584055815762 -0.967473309408673
2.959519084681 -0.983470347787228
3.03319761122437 -0.994131007243076
3.10687613785219 -0.999397442289878
3.18055466443588 -0.9992410768689
3.25423319104369 -0.993662759431922
3.32791171762244 -0.982692758324314
3.40159024423602 -0.966390597529706
3.47526877084606 -0.944844733718596
3.54894729744649 -0.918172076259113
3.62262582404987 -0.886517352853495
3.69630435065383 -0.850052324247003
3.76998287726776 -0.80897485223127
3.84366140392008 -0.763507826024206
3.9173399305497 -0.713897952928503
3.99101845719234 -0.660414419564668
4.06469698385126 -0.603347431323581
4.13837551051057 -0.543006637688867
4.21205403716863 -0.479719452031696
4.28573256381923 -0.413829275056991
4.35941109048512 -0.345693631456266
4.43308961722854 -0.27568222993976
4.50676814394809 -0.204174957367328
4.58044667060353 -0.13155981724685
4.65412519728774 -0.0582308243208919
4.72780372391431 0.0154141330762428
4.80148225059071 0.088975452358111
4.87516077724971 0.162053984590303
4.94883930396079 0.234253200609876
5.02251783069062 0.305181342382577
5.09619635740738 0.374453548815231
5.16987488408664 0.441693944045531
5.24355341076675 0.506537677018755
5.31723193748751 0.568632901133544
5.39091046423292 0.627642683339679
5.46458899099205 0.683246832416583
5.53826751775595 0.735143636350501
5.61194604450493 0.783051499437011
5.6856245712512 0.826710470266463
5.75930309800175 0.865883652210666
5.83298162472829 0.900358488828855
5.90666015151665 0.929947917280385
5.98033867825238 0.954491383208201
6.05401720499478 0.973855712072413
6.12769573175187 0.987935831668793
6.20137425851325 0.996655342278651
6.27505278529279 0.999966931226139
6.34873131211701 0.99785262959204
6.42240983893453 0.99032390972234
6.49608836574669 0.977421622979383
6.56976689254639 0.959215778077584
6.64344541937415 0.935805161194445
6.71712394618965 0.907316799987449
6.79080247301046 0.873905274293143
6.8644809998076 0.835751877404234
6.93815952662265 0.79306363230267
7.01183805345273 0.746072168393995
7.08551658028214 0.695032464660429
7.15919510711437 0.640221466105635
7.23287363393926 0.58193658105348
7.30655216073953 0.520494067387035
7.38023068758605 0.456227316427304
7.45390921445122 0.389485044085507
7.52758774129717 0.320629398639115
7.60126626817585 0.250033995592923
7.67494479504511 0.178081890586855
7.74862332191103 0.105163500775543
7.82230184879645 0.0316744864254599
7.89598037571225 -0.0419863959364017
7.96965890259117 -0.115419457136885
8.04333742944312 -0.188226244254003
8.11701595636129 -0.260011702653612
8.19069448326439 -0.330386319331121
8.26437301017561 -0.398968236710311
8.33805153710459 -0.465385324512481
8.41173006401277 -0.529277198933332
8.48540859094006 -0.590297178222339
8.55908711785014 -0.648114163668399
8.63276564475687 -0.702414436271691
8.70644417166426 -0.752903358953507
8.78012269857313 -0.799306975283991
8.85380122549594 -0.841373495997701
8.92747975240742 -0.878874665192611
9.00115827934676 -0.911606998916671
9.07483680632086 -0.939392889231518
9.14851533329103 -0.962081567932507
9.22219386025676 -0.979549924660606
9.29587238725324 -0.991703174894209
9.36955091420334 -0.998475374235337
9.42477796076938 -1
